Circonscriptions,Population_totale_1921,Canadiens_francais_1921,Population_totale_1931,Canadiens_francais_1931,Electeurs_inscrits,Votes_exprimes,Bulletins_rejetes,Votes_valides,Abstentions,Parti_liberal,Parti_conservateur,Autres_liberal,Autres_conservateur,Autres_independants,Autres_ouvrier,Autres_socialiste,Autres_protectionniste
Argenteuil,17165,9321,18976,11026,9234,8017,69,7948,1217,3854,4094,,,,,,
Bagot,18035,17876,16914,16782,7848,7088,90,6998,760,3787,3211,,,,,,
Beauce,53505,52707,58854,57940,22520,13810,83,13727,8710,11176,2551,,,,,,
Beauharnois,19888,18283,25163,20906,9729,7810,28,7782,1919,4843,2565,374,,,,,
Bellechasse,21813,21781,22006,21927,8930,6853,54,6799,2077,4897,1902,,,,,,
Berthier-Maskinongé,36762,36380,35545,35115,16577,11280,48,11232,5297,6606,4626,,,,,,
Bonaventure,29092,21256,32432,24229,13762,11399,80,11319,2363,6164,5155,,,,,,
Brome-Missisquoi,31090,17591,32069,18963,16506,13220,89,13131,3286,7126,6005,,,,,,
Cartier,54800,23925,34861,12037,16003,10356,281,10075,5647,5048,2312,2043,,,,672,
Chambly-Verchères,34643,26751,39404,28626,19449,15805,172,15633,3644,8667,6966,,,,,,
Champlain,48140,46091,51772,49870,21838,15496,65,15431,6342,10024,5407,,,,,,
Charlevoix-Saguenay,46125,40019,55134,47976,19374,11539,75,11464,7835,8553,2911,,,,,,
Châteauguay-Huntingdon,26731,16052,25470,15751,13838,10732,70,10662,3106,5691,4971,,,,,,
Chicoutimi,37578,36422,55724,52925,20194,10874,74,10800,9320,,2142,8658,,,,,
Compton,31583,22469,30464,22814,15086,12139,35,12104,2947,7125,4979,,,,,,
Dorchester,29121,27811,31067,29878,12953,9297,30,9267,3656,5627,3640,,,,,,
Drummond-Arthabaska,44823,42983,53338,50424,21331,13466,52,13414,7865,9600,3814,,,,,,
Gaspé,40375,31146,45617,36388,18383,13704,115,13589,4679,8769,4820,,,,,,
Hochelaga,73526,57620,84253,71908,30976,19533,162,19371,11443,16339,2530,502,,,,,
Hull,35518,31914,46114,39320,22422,13170,86,13084,9252,10899,2185,,,,,,
Jacques-Cartier,62039,33087,156622,87194,44197,35706,349,35357,8491,18755,16602,,,,,,
Joliette,25913,25169,27585,26719,12226,9916,55,9861,2310,5659,4202,,,,,,
Kamouraska,22014,21879,23954,23807,10126,6952,58,6894,3174,4332,2562,,,,,,
Labelle,37161,34086,39395,35589,15684,8848,32,8816,6836,,1118,,,7569,,,129
Lac-Saint-Jean,35539,35303,50253,48383,17227,13869,46,13823,3358,8090,5733,,,,,,
Laprairie-Napierville,20065,17053,21091,17582,8903,7090,45,7045,1813,4201,2844,,,,,,
L'Assomption-Montcalm,28318,26780,29188,27623,14175,7974,29,7945,6201,6044,1901,,,,,,
Laurier-Outremont,72047,35184,88579,35555,28910,21311,245,21066,7599,12724,8342,,,,,,
Laval-Deux-Montagnes,28314,26450,30449,28383,13398,8091,27,8064,5307,5916,2148,,,,,,
Lévis,33323,32418,35656,34704,16481,13053,88,12965,3428,7127,5838,,,,,,
L'Islet,17859,17691,19404,19276,8081,6450,36,6414,1631,3619,2795,,,,,,
Lotbinière,21837,21054,23034,22527,10127,8012,17,7995,2115,4650,,,,3345,,,
Maisonneuve,64933,47826,112263,82327,32236,21361,150,21211,10875,16045,5166,,,,,,
Matane,36303,35632,45272,44143,16425,12669,62,12607,3756,8880,3727,,,,,,
Mégantic,33633,30044,35492,32685,14017,9794,68,9726,4223,6483,3243,,,,,,
Montmagny,21997,21792,20239,20072,9975,7691,60,7631,2284,3985,3646,,,,,,
Montmorency,31241,29250,39417,37268,15106,11774,74,11700,3332,6433,5267,,,,,,
Mont-Royal,19688,2133,88941,16987,26911,18828,80,18748,8083,4499,14249,,,,,,
Nicolet,29695,29367,28673,28471,13220,10439,60,10379,2781,6597,3782,,,,,,
Pontiac,46201,30037,65542,44669,28583,17406,119,17287,11177,11166,6121,,,,,,
Portneuf,34686,33221,38497,36832,16445,11647,67,11580,4798,6308,,5272,,,,,
Québec-Est,38330,36439,38330,36439,20038,15901,93,15808,4137,9370,6438,,,,,,
Québec-Ouest,37993,36943,37993,36943,16970,14076,80,13996,2894,7501,6495,,,,,,
Québec-Sud,27706,19675,27706,19675,16129,12324,121,12203,3805,6527,4901,,775,,,,
Richelieu,19548,19114,21483,21169,9546,7867,47,7820,1679,4893,2927,,,,,,
Richmond-Wolfe,41926,35289,41867,35709,18848,13963,75,13888,4885,8788,5100,,,,,,
Rimouski,27520,27325,33151,32255,12563,9008,42,8966,3555,5623,2926,,,417,,,
Saint-Antoine,32394,10395,34279,9892,16572,12854,90,12764,3718,6159,6605,,,,,,
Saint-Denis,78920,60219,135016,105249,43070,26562,202,26360,16508,21497,4863,,,,,,
Saint-Henri,45316,35511,48441,38806,17878,12306,159,12147,5572,9995,,2152,,,,,
Saint-Hyacinthe-Rouville,36754,35995,39630,38653,17732,9260,77,9183,8472,7325,1858,,,,,,
Saint-Jacques,42443,37491,74504,56157,23194,15120,188,14932,8074,12740,,,,,2192,,
Saint-Jean-Iberville,23518,21475,27051,24648,11435,9154,18,9136,2281,4802,328,4006,,,,,
Saint-Laurent-Saint-George,36912,7321,34026,7708,13072,9688,137,9551,3384,3826,5725,,,,,,
Sainte-Anne,52049,16211,36733,14898,27370,20972,260,20712,6398,11238,9474,,,,,,
Sainte-Marie,63975,55720,75350,66170,24088,17820,191,17629,6268,14793,2836,,,,,,
Shefford,25734,21965,28262,24449,13238,10043,64,9979,3195,6374,3605,,,,,,
Sherbrooke,31356,21216,37386,26842,17227,12308,86,12222,4919,7582,4640,,,,,,
Stanstead,23380,14230,25118,16622,11939,8897,22,8875,3042,5135,3740,,,,,,
Témiscouata,44310,43470,50294,49536,19320,15030,86,14944,4290,8431,6513,,,,,,
Terrebonne,33908,31136,38611,35772,15582,9399,69,9330,6183,7060,2270,,,,,,
Trois-Rivières-Saint-Maurice,50845,48111,69095,65284,25081,17263,142,17121,7818,11384,5737,,,,,,
Vaudreuil-Soulanges,21620,19212,21114,19012,10794,7266,27,7239,3528,5391,1848,,,,,,
Wright,28639,16247,27747,18121,15007,11127,72,11055,3880,5950,5105,,,,,,
Yamaska,18056,17787,16820,16521,7534,6618,36,6582,916,3500,3082,,,,,,
