ï»¿Region;Categorie;Detail;n_personnes_presentes_2012_2016;n_personnes_presentes_2017_2021;n_personnes_presentes_2012_2021
Bas Saint-Laurent;Groupe d'Ã¢ge ;0-14 ans;66;133;199
Bas Saint-Laurent;Groupe d'Ã¢ge ;15-24 ans;41;62;103
Bas Saint-Laurent;Groupe d'Ã¢ge ;25-34 ans;194;293;487
Bas Saint-Laurent;Groupe d'Ã¢ge ;35-44 ans;80;122;202
Bas Saint-Laurent;Groupe d'Ã¢ge ;45 ans et plus;35;71;106
Bas Saint-Laurent;Sexe;Femmes;202;328;530
Bas Saint-Laurent;Sexe;Hommes;214;353;567
Bas Saint-Laurent;CatÃ©gorie d'immigration;Immigration Ã©conomique;245;360;605
Bas Saint-Laurent;CatÃ©gorie d'immigration;Regroupement familial;163;160;323
Bas Saint-Laurent;CatÃ©gorie d'immigration;Autres catÃ©gories d'immigration;8;161;169
Bas Saint-Laurent;Connaissance du franÃ§ais et de l'anglais lors de l'admission;FranÃ§ais seulement;215;274;489
Bas Saint-Laurent;Connaissance du franÃ§ais et de l'anglais lors de l'admission;FranÃ§ais et anglais;132;254;386
Bas Saint-Laurent;Connaissance du franÃ§ais et de l'anglais lors de l'admission;Anglais seulement;27;46;73
Bas Saint-Laurent;Connaissance du franÃ§ais et de l'anglais lors de l'admission;Ni franÃ§ais ni anglais;39;66;105
Bas Saint-Laurent;Connaissance du franÃ§ais et de l'anglais lors de l'admission;Non disponible;3;41;44
Bas Saint-Laurent;ScolaritÃ© des immigrants Ã¢gÃ©s de 15 ans et plus;0-6 annÃ©es;94;121;215
Bas Saint-Laurent;ScolaritÃ© des immigrants Ã¢gÃ©s de 15 ans et plus;7-11 annÃ©es;31;54;85
Bas Saint-Laurent;ScolaritÃ© des immigrants Ã¢gÃ©s de 15 ans et plus;12-13 annÃ©es;30;50;80
Bas Saint-Laurent;ScolaritÃ© des immigrants Ã¢gÃ©s de 15 ans et plus;14-16 annÃ©es;83;112;195
Bas Saint-Laurent;ScolaritÃ© des immigrants Ã¢gÃ©s de 15 ans et plus;17 annÃ©es et +;112;210;322
Bas Saint-Laurent;ScolaritÃ© des immigrants Ã¢gÃ©s de 15 ans et plus;Information non disponible;0;1;1
Bas Saint-Laurent;Nombre d'actifs;Nombre d'actifs;323;496;819
Bas Saint-Laurent;Nombre d'inactifs;Nombre d'inactifs;27;52;79
Bas Saint-Laurent;Continent et rÃ©gion de naissance Afrique;Afrique occidentale;34;54;88
Bas Saint-Laurent;Continent et rÃ©gion de naissance Afrique;Afrique orientale;26;27;53
Bas Saint-Laurent;Continent et rÃ©gion de naissance Afrique;Afrique du Nord;62;72;134
Bas Saint-Laurent;Continent et rÃ©gion de naissance Afrique;Afrique centrale et mÃ©ridionale;15;155;170
Bas Saint-Laurent;Continent et rÃ©gion de naissance AmÃ©rique;AmÃ©rique du Nord ;8;5;13
Bas Saint-Laurent;Continent et rÃ©gion de naissance AmÃ©rique;AmÃ©rique centrale;11;13;24
Bas Saint-Laurent;Continent et rÃ©gion de naissance AmÃ©rique;AmÃ©rique du Sud;25;40;65
Bas Saint-Laurent;Continent et rÃ©gion de naissance AmÃ©rique;Antilles;29;32;61
Bas Saint-Laurent;Continent et rÃ©gion de naissance Asie;Asie orientale;5;5;10
Bas Saint-Laurent;Continent et rÃ©gion de naissance Asie;Asie du Sud-Est;11;22;33
Bas Saint-Laurent;Continent et rÃ©gion de naissance Asie;Autres, Asie;8;11;19
Bas Saint-Laurent;Continent et rÃ©gion de naissance Europe;Europe occidentale et septentrionale;169;230;399
Bas Saint-Laurent;Continent et rÃ©gion de naissance Europe;Autres, Europe;9;12;21
Bas Saint-Laurent;Continent et rÃ©gion de naissance OcÃ©anie et autres pays;OcÃ©anie et autres pays;4;3;7
Bas Saint-Laurent;Principaux pays de naissance_1re;France;149;199;348
Bas Saint-Laurent;Principaux pays de naissance_2Ã¨me;RÃ©p. dÃ©m. du Congo;0;68;68
Bas Saint-Laurent;Principaux pays de naissance_3Ã¨me;Cameroun;11;41;52
Bas Saint-Laurent;Principaux pays de naissance_4Ã¨me;Tunisie;21;26;47
Bas Saint-Laurent;Principaux pays de naissance_5Ã¨me;Maroc;19;24;43
Bas Saint-Laurent;Principaux pays de naissance_6Ã¨me;AlgÃ©rie;21;22;43
Bas Saint-Laurent;Principaux pays de naissance_7Ã¨me;CÃ´te d'Ivoire;11;26;37
Bas Saint-Laurent;Principaux pays de naissance_8Ã¨me;Belgique;10;20;30
Bas Saint-Laurent;Principaux pays de naissance_9Ã¨me;Colombie;6;23;29
Bas Saint-Laurent;Principaux pays de naissance_10Ã¨me;RÃ©p. centrafricaine;0;29;29
Bas Saint-Laurent;MunicipalitÃ© rÃ©gionale de comtÃ© de rÃ©sidence;Kamouraska;60;64;124
Bas Saint-Laurent;MunicipalitÃ© rÃ©gionale de comtÃ© de rÃ©sidence;La MatapÃ©dia;5;13;18
Bas Saint-Laurent;MunicipalitÃ© rÃ©gionale de comtÃ© de rÃ©sidence;La Mitis;23;36;59
Bas Saint-Laurent;MunicipalitÃ© rÃ©gionale de comtÃ© de rÃ©sidence;Les Basques;9;22;31
Bas Saint-Laurent;MunicipalitÃ© rÃ©gionale de comtÃ© de rÃ©sidence;Matane;23;42;65
Bas Saint-Laurent;MunicipalitÃ© rÃ©gionale de comtÃ© de rÃ©sidence;Rimouski-Neigette;189;376;565
Bas Saint-Laurent;MunicipalitÃ© rÃ©gionale de comtÃ© de rÃ©sidence;RiviÃ¨re-du-Loup;95;118;213
Bas Saint-Laurent;MunicipalitÃ© rÃ©gionale de comtÃ© de rÃ©sidence;TÃ©miscouata;12;10;22
SaguenayâLac-Saint-Jean;Groupe d'Ã¢ge ;0-14 ans;85;85;170
SaguenayâLac-Saint-Jean;Groupe d'Ã¢ge ;15-24 ans;40;51;91
SaguenayâLac-Saint-Jean;Groupe d'Ã¢ge ;25-34 ans;203;284;487
SaguenayâLac-Saint-Jean;Groupe d'Ã¢ge ;35-44 ans;89;119;208
SaguenayâLac-Saint-Jean;Groupe d'Ã¢ge ;45 ans et plus;32;48;80
SaguenayâLac-Saint-Jean;Sexe;Femmes;236;293;529
SaguenayâLac-Saint-Jean;Sexe;Hommes;213;294;507
SaguenayâLac-Saint-Jean;CatÃ©gorie d'immigration;Immigration Ã©conomique;244;349;593
SaguenayâLac-Saint-Jean;CatÃ©gorie d'immigration;Regroupement familial;194;217;411
SaguenayâLac-Saint-Jean;CatÃ©gorie d'immigration;RÃ©fugiÃ©s et personnes en situation semblable;9;18;27
SaguenayâLac-Saint-Jean;CatÃ©gorie d'immigration;Autres catÃ©gories d'immigration;2;3;5
SaguenayâLac-Saint-Jean;Connaissance du franÃ§ais et de l'anglais lors de l'admission;FranÃ§ais seulement;231;253;484
SaguenayâLac-Saint-Jean;Connaissance du franÃ§ais et de l'anglais lors de l'admission;FranÃ§ais et anglais;125;227;352
SaguenayâLac-Saint-Jean;Connaissance du franÃ§ais et de l'anglais lors de l'admission;Anglais seulement;35;40;75
SaguenayâLac-Saint-Jean;Connaissance du franÃ§ais et de l'anglais lors de l'admission;Ni franÃ§ais ni anglais;58;52;110
SaguenayâLac-Saint-Jean;Connaissance du franÃ§ais et de l'anglais lors de l'admission;Non disponible;0;15;15
SaguenayâLac-Saint-Jean;ScolaritÃ© des immigrants Ã¢gÃ©s de 15 ans et plus;0-6 annÃ©es;96;69;165
SaguenayâLac-Saint-Jean;ScolaritÃ© des immigrants Ã¢gÃ©s de 15 ans et plus;7-11 annÃ©es;36;63;99
SaguenayâLac-Saint-Jean;ScolaritÃ© des immigrants Ã¢gÃ©s de 15 ans et plus;12-13 annÃ©es;42;57;99
SaguenayâLac-Saint-Jean;ScolaritÃ© des immigrants Ã¢gÃ©s de 15 ans et plus;14-16 annÃ©es;83;130;213
SaguenayâLac-Saint-Jean;ScolaritÃ© des immigrants Ã¢gÃ©s de 15 ans et plus;17 annÃ©es et +;107;183;290
SaguenayâLac-Saint-Jean;ScolaritÃ© des immigrants Ã¢gÃ©s de 15 ans et plus;Information non disponible;0;0;0
SaguenayâLac-Saint-Jean;Nombre d'inactifs;Nombre d'inactifs;325;471;796
SaguenayâLac-Saint-Jean;Nombre d'inactifs;Nombre d'inactifs;39;31;70
SaguenayâLac-Saint-Jean;Continent et rÃ©gion de naissance Afrique;Afrique occidentale;67;66;133
SaguenayâLac-Saint-Jean;Continent et rÃ©gion de naissance Afrique;Afrique orientale;14;14;28
SaguenayâLac-Saint-Jean;Continent et rÃ©gion de naissance Afrique;Afrique du Nord;44;65;109
SaguenayâLac-Saint-Jean;Continent et rÃ©gion de naissance Afrique;Afrique centrale et mÃ©ridionale;29;37;66
SaguenayâLac-Saint-Jean;Continent et rÃ©gion de naissance AmÃ©rique;AmÃ©rique du Nord et centrale;12;26;38
SaguenayâLac-Saint-Jean;Continent et rÃ©gion de naissance AmÃ©rique;AmÃ©rique du Sud;29;38;67
SaguenayâLac-Saint-Jean;Continent et rÃ©gion de naissance AmÃ©rique;Antilles;30;25;55
SaguenayâLac-Saint-Jean;Continent et rÃ©gion de naissance Asie;Asie orientale;12;10;22
SaguenayâLac-Saint-Jean;Continent et rÃ©gion de naissance Asie;Asie du Sud-Est;26;29;55
SaguenayâLac-Saint-Jean;Continent et rÃ©gion de naissance Asie;Autres, Asie;8;15;23
SaguenayâLac-Saint-Jean;Continent et rÃ©gion de naissance Europe;Europe occidentale et septentrionale;157;230;387
SaguenayâLac-Saint-Jean;Continent et rÃ©gion de naissance Europe;Autres, Europe;20;25;45
SaguenayâLac-Saint-Jean;Continent et rÃ©gion de naissance OcÃ©anie et autres pays;OcÃ©anie et autres pays;1;7;8
SaguenayâLac-Saint-Jean;Principaux pays de naissance_1re;France;133;208;341
SaguenayâLac-Saint-Jean;Principaux pays de naissance_2Ã¨me;Cameroun;23;27;50
SaguenayâLac-Saint-Jean;Principaux pays de naissance_3Ã¨me;CÃ´te d'Ivoire;23;21;44
SaguenayâLac-Saint-Jean;Principaux pays de naissance_4Ã¨me;Tunisie;13;28;41
SaguenayâLac-Saint-Jean;Principaux pays de naissance_5Ã¨me;Maroc;18;16;34
SaguenayâLac-Saint-Jean;Principaux pays de naissance_6Ã¨me;Philippines;15;15;30
SaguenayâLac-Saint-Jean;Principaux pays de naissance_7Ã¨me;AlgÃ©rie;9;20;29
SaguenayâLac-Saint-Jean;Principaux pays de naissance_8Ã¨me;Burkina Faso;17;12;29
SaguenayâLac-Saint-Jean;Principaux pays de naissance_9Ã¨me;Mexique;10;16;26
SaguenayâLac-Saint-Jean;Principaux pays de naissance_10Ã¨me;Cuba;11;15;26
SaguenayâLac-Saint-Jean;MunicipalitÃ© rÃ©gionale de comtÃ© de rÃ©sidence;Lac-Saint-Jean-Est;46;90;136
SaguenayâLac-Saint-Jean;MunicipalitÃ© rÃ©gionale de comtÃ© de rÃ©sidence;Le Domaine-du-Roy;38;40;78
SaguenayâLac-Saint-Jean;MunicipalitÃ© rÃ©gionale de comtÃ© de rÃ©sidence;Le Fjord-du-Saguenay;33;30;63
SaguenayâLac-Saint-Jean;MunicipalitÃ© rÃ©gionale de comtÃ© de rÃ©sidence;Maria-Chapdelaine;28;29;57
SaguenayâLac-Saint-Jean;MunicipalitÃ© rÃ©gionale de comtÃ© de rÃ©sidence;Saguenay;304;398;702
Estrie;Groupe d'Ã¢ge ;0-14 ans;1316;1 205;2 521
Estrie;Groupe d'Ã¢ge ;15-24 ans;609;685;1 294
Estrie;Groupe d'Ã¢ge ;25-34 ans;1 394;1 423;2 817
Estrie;Groupe d'Ã¢ge ;35-44 ans;868;902;1 770
Estrie;Groupe d'Ã¢ge ;45-64 ans ;375;482;857
Estrie;Groupe d'Ã¢ge ;65 ans et +;63;90;153
Estrie;Sexe;Femmes;2 328;2 427;4 755
Estrie;Sexe;Hommes;2 297;2 360;4 657
Estrie;CatÃ©gorie d'immigration;Immigration Ã©conomique;1 824;1 726;3 550
Estrie;CatÃ©gorie d'immigration;Regroupement familial;1036;1224;2 260
Estrie;CatÃ©gorie d'immigration;RÃ©fugiÃ©s et personnes en situation semblable;1727;1 807;3 534
Estrie;CatÃ©gorie d'immigration;Autres immigrants;38;30;68
Estrie;Connaissance du franÃ§ais et de l'anglais lors de l'admission;FranÃ§ais seulement;1401;1 464;2 865
Estrie;Connaissance du franÃ§ais et de l'anglais lors de l'admission;FranÃ§ais et anglais;1065;1174;2 239
Estrie;Connaissance du franÃ§ais et de l'anglais lors de l'admission;Anglais seulement;550;602;1152
Estrie;Connaissance du franÃ§ais et de l'anglais lors de l'admission;Ni franÃ§ais ni anglais;1557;1 316;2 873
Estrie;Connaissance du franÃ§ais et de l'anglais lors de l'admission;Non disponible;52;231;283
Estrie;ScolaritÃ© des immigrants Ã¢gÃ©s de 15 ans et plus;0-6 annÃ©es;1058;855;1 913
Estrie;ScolaritÃ© des immigrants Ã¢gÃ©s de 15 ans et plus;7-11 annÃ©es;516;647;1163
Estrie;ScolaritÃ© des immigrants Ã¢gÃ©s de 15 ans et plus;12-13 annÃ©es;384;420;804
Estrie;ScolaritÃ© des immigrants Ã¢gÃ©s de 15 ans et plus;14-16 annÃ©es;650;736;1 386
Estrie;ScolaritÃ© des immigrants Ã¢gÃ©s de 15 ans et plus;17 annÃ©es et +;701;924;1 625
Estrie;ScolaritÃ© des immigrants Ã¢gÃ©s de 15 ans et plus;Information non disponible;0;0;0
Estrie;Nombre d'actifs;Nombre d'actifs;2701;2981;5 682
Estrie;Nombre d'inactifs;Nombre d'inactifs;608;601;1 209
Estrie;Continent et rÃ©gion de naissance Afrique;Afrique occidentale;353;391;744
Estrie;Continent et rÃ©gion de naissance Afrique;Afrique orientale;335;322;657
Estrie;Continent et rÃ©gion de naissance Afrique;Afrique du Nord;383;434;817
Estrie;Continent et rÃ©gion de naissance Afrique;Afrique centrale et mÃ©ridionale;522;561;1083
Estrie;Continent et rÃ©gion de naissance AmÃ©rique;AmÃ©rique du Nord;90;98;188
Estrie;Continent et rÃ©gion de naissance AmÃ©rique;AmÃ©rique centrale;129;120;249
Estrie;Continent et rÃ©gion de naissance AmÃ©rique;AmÃ©rique du Sud;486;392;878
Estrie;Continent et rÃ©gion de naissance AmÃ©rique;Antilles;231;129;360
Estrie;Continent et rÃ©gion de naissance Asie;Moyen-Orient;445;378;823
Estrie;Continent et rÃ©gion de naissance Asie;Asie occidentale et centrale;310;523;833
Estrie;Continent et rÃ©gion de naissance Asie;Asie orientale;69;80;149
Estrie;Continent et rÃ©gion de naissance Asie;Asie mÃ©ridionale;154;187;341
Estrie;Continent et rÃ©gion de naissance Asie;Asie du Sud-Est;97;111;208
Estrie;Continent et rÃ©gion de naissance Europe;Europe occidentale et septentrionale;801;927;1 728
Estrie;Continent et rÃ©gion de naissance Europe;Europe orientale;145;65;210
Estrie;Continent et rÃ©gion de naissance Europe;Europe mÃ©ridionale;58;47;105
Estrie;Continent et rÃ©gion de naissance OcÃ©anie et autres pays;OcÃ©anie et autres pays;17;22;39
Estrie;Principaux pays de naissance_1re;France;683;830;1513
Estrie;Principaux pays de naissance_2Ã¨me;Afghanistan;245;454;699
Estrie;Principaux pays de naissance_3Ã¨me;Syrie;322;218;540
Estrie;Principaux pays de naissance_4Ã¨me;Colombie;304;210;514
Estrie;Principaux pays de naissance_5Ã¨me;RÃ©p. dÃ©m. du Congo;241;256;497
Estrie;Principaux pays de naissance_6Ã¨me;Maroc;169;155;324
Estrie;Principaux pays de naissance_7Ã¨me;Cameroun;125;162;287
Estrie;Principaux pays de naissance_8Ã¨me;CÃ´te d'Ivoire;145;134;279
Estrie;Principaux pays de naissance_9Ã¨me;Pakistan;105;168;273
Estrie;Principaux pays de naissance_10Ã¨me;AlgÃ©rie;122;115;237
Estrie;MunicipalitÃ© rÃ©gionale de comtÃ© de rÃ©sidence;Brome-Missisquoi;314;291;605
Estrie;MunicipalitÃ© rÃ©gionale de comtÃ© de rÃ©sidence;Coaticook;46;32;78
Estrie;MunicipalitÃ© rÃ©gionale de comtÃ© de rÃ©sidence;La Haute-Yamaska;802;818;1620
Estrie;MunicipalitÃ© rÃ©gionale de comtÃ© de rÃ©sidence;Le Granit;38;46;84
Estrie;MunicipalitÃ© rÃ©gionale de comtÃ© de rÃ©sidence;Le Haut-Saint-FranÃ§ois;67;69;136
Estrie;MunicipalitÃ© rÃ©gionale de comtÃ© de rÃ©sidence;Le Val-Saint-FranÃ§ois;64;63;127
Estrie;MunicipalitÃ© rÃ©gionale de comtÃ© de rÃ©sidence;Les Sources;40;47;87
Estrie;MunicipalitÃ© rÃ©gionale de comtÃ© de rÃ©sidence;MemphrÃ©magog;253;196;449
Estrie;MunicipalitÃ© rÃ©gionale de comtÃ© de rÃ©sidence;Sherbrooke;3001;3225;6226
MontrÃ©al;Groupe d'Ã¢ge ;0-14 ans;15724;15388;31112
MontrÃ©al;Groupe d'Ã¢ge ;15-24 ans;9788;9389;19177
MontrÃ©al;Groupe d'Ã¢ge ;25-34 ans;30586;31214;61800
MontrÃ©al;Groupe d'Ã¢ge ;35-44 ans;17747;19089;36836
MontrÃ©al;Groupe d'Ã¢ge ;45-64 ans ;7702;8980;16682
MontrÃ©al;Groupe d'Ã¢ge ;65 ans et +;1670;2438;4108
MontrÃ©al;Sexe;Femmes;43065;44182;87247
MontrÃ©al;Sexe;Hommes;40152;42316;82468
MontrÃ©al;CatÃ©gorie d'immigration;Immigration Ã©conomique;50750;46380;97130
MontrÃ©al;CatÃ©gorie d'immigration;Regroupement familial;21261;24071;45332
MontrÃ©al;CatÃ©gorie d'immigration;RÃ©fugiÃ©s et personnes en situation semblable;9274;13336;22610
MontrÃ©al;CatÃ©gorie d'immigration;Autres immigrants;1932;2711;4643
MontrÃ©al;Connaissance du franÃ§ais et de l'anglais lors de l'admission;FranÃ§ais seulement;25 883;22 042;47 925
MontrÃ©al;Connaissance du franÃ§ais et de l'anglais lors de l'admission;FranÃ§ais et anglais;27 507;29 198;56 705
MontrÃ©al;Connaissance du franÃ§ais et de l'anglais lors de l'admission;Anglais seulement;15 083;21 490;36 573
MontrÃ©al;Connaissance du franÃ§ais et de l'anglais lors de l'admission;Ni franÃ§ais ni anglais;14 522;12 214;26 736
MontrÃ©al;Connaissance du franÃ§ais et de l'anglais lors de l'admission;Non disponible;222;1 554;1 776
MontrÃ©al;ScolaritÃ© des immigrants Ã¢gÃ©s de 15 ans et plus;0-6 annÃ©es;15042;8567;23609
MontrÃ©al;ScolaritÃ© des immigrants Ã¢gÃ©s de 15 ans et plus;7-11 annÃ©es;7634;8344;15978
MontrÃ©al;ScolaritÃ© des immigrants Ã¢gÃ©s de 15 ans et plus;12-13 annÃ©es;7433;8069;15502
MontrÃ©al;ScolaritÃ© des immigrants Ã¢gÃ©s de 15 ans et plus;14-16 annÃ©es;18224;20616;38840
MontrÃ©al;ScolaritÃ© des immigrants Ã¢gÃ©s de 15 ans et plus;17 annÃ©es et +;19160;25513;44673
MontrÃ©al;ScolaritÃ© des immigrants Ã¢gÃ©s de 15 ans et plus;Information non disponible;0;1;1
MontrÃ©al;Nombre d'actifs;Nombre d'actifs;57 310;61 824;119 134
MontrÃ©al;Nombre d'inactifs;Nombre d'inactifs;10 183;9 286;19 469
MontrÃ©al;Continent et rÃ©gion de naissance Afrique;Afrique occidentale;4 416;5 083;9 499
MontrÃ©al;Continent et rÃ©gion de naissance Afrique;Afrique orientale;1 498;2 121;3 619
MontrÃ©al;Continent et rÃ©gion de naissance Afrique;Afrique du Nord;17 925;16 557;34 482
MontrÃ©al;Continent et rÃ©gion de naissance Afrique;Afrique centrale et mÃ©ridionale;3 688;4 337;8 025
MontrÃ©al;Continent et rÃ©gion de naissance AmÃ©rique;AmÃ©rique du Nord;1 602;1 882;3 484
MontrÃ©al;Continent et rÃ©gion de naissance AmÃ©rique;AmÃ©rique centrale;3 000;1 931;4 931
MontrÃ©al;Continent et rÃ©gion de naissance AmÃ©rique;AmÃ©rique du Sud;4 117;3 671;7 788
MontrÃ©al;Continent et rÃ©gion de naissance AmÃ©rique;Antilles;9 937;6 216;16 153
MontrÃ©al;Continent et rÃ©gion de naissance Asie;Moyen-Orient;5 333;7 286;12 619
MontrÃ©al;Continent et rÃ©gion de naissance Asie;Asie occidentale et centrale;4 636;3 002;7 638
MontrÃ©al;Continent et rÃ©gion de naissance Asie;Asie orientale;5 370;6 665;12 035
MontrÃ©al;Continent et rÃ©gion de naissance Asie;Asie mÃ©ridionale;2 452;5 807;8 259
MontrÃ©al;Continent et rÃ©gion de naissance Asie;Asie du Sud-Est;4 990;5 927;10 917
MontrÃ©al;Continent et rÃ©gion de naissance Europe;Europe occidentale et septentrionale;9 065;12 517;21 582
MontrÃ©al;Continent et rÃ©gion de naissance Europe;Europe orientale;3 996;2 142;6 138
MontrÃ©al;Continent et rÃ©gion de naissance Europe;Europe mÃ©ridionale;1060;1 114;2 174
MontrÃ©al;Continent et rÃ©gion de naissance OcÃ©anie et autres pays;OcÃ©anie et autres pays;132;240;372
MontrÃ©al;Principaux pays de naissance_1re;France;7 933;11 106;19 039
MontrÃ©al;Principaux pays de naissance_2Ã¨me;AlgÃ©rie;8 543;7 852;16 395
MontrÃ©al;Principaux pays de naissance_3Ã¨me;HaÃ¯ti;7 795;4 553;12 348
MontrÃ©al;Principaux pays de naissance_4Ã¨me;Chine;4 630;5 550;10 180
MontrÃ©al;Principaux pays de naissance_5Ã¨me;Maroc;5 411;4 360;9 771
MontrÃ©al;Principaux pays de naissance_6Ã¨me;Philippines;3 970;4 587;8 557
MontrÃ©al;Principaux pays de naissance_7Ã¨me;Syrie;2793;3 913;6 706
MontrÃ©al;Principaux pays de naissance_8Ã¨me;Iran;3 712;2 069;5 781
MontrÃ©al;Principaux pays de naissance_9Ã¨me;Tunisie;2 290;2 917;5 207
MontrÃ©al;Principaux pays de naissance_10Ã¨me;Inde;957;3 581;4 538
Abitibi-TÃ©miscamingue;Groupe d'Ã¢ge ;0-14 ans;98;88;186
Abitibi-TÃ©miscamingue;Groupe d'Ã¢ge ;15-24 ans;43;43;86
Abitibi-TÃ©miscamingue;Groupe d'Ã¢ge ;25-34 ans;259;231;490
Abitibi-TÃ©miscamingue;Groupe d'Ã¢ge ;35-44 ans;82;134;216
Abitibi-TÃ©miscamingue;Groupe d'Ã¢ge ;45-64 ans ;26;33;59
Abitibi-TÃ©miscamingue;Groupe d'Ã¢ge ;65 ans et +;5;8;13
Abitibi-TÃ©miscamingue;Sexe;Femmes;256;275;531
Abitibi-TÃ©miscamingue;Sexe;Hommes;257;262;519
Abitibi-TÃ©miscamingue;CatÃ©gorie d'immigration;Immigration Ã©conomique;309;278;587
Abitibi-TÃ©miscamingue;CatÃ©gorie d'immigration;Regroupement familial;195;226;421
Abitibi-TÃ©miscamingue;CatÃ©gorie d'immigration;RÃ©fugiÃ©s et personnes en situation semblable;5;27;32
Abitibi-TÃ©miscamingue;CatÃ©gorie d'immigration;Autres catÃ©gories d'immigration;4;6;10
Abitibi-TÃ©miscamingue;Connaissance du franÃ§ais et de l'anglais lors de l'admission;FranÃ§ais seulement;273;259;532
Abitibi-TÃ©miscamingue;Connaissance du franÃ§ais et de l'anglais lors de l'admission;FranÃ§ais et anglais;160;176;336
Abitibi-TÃ©miscamingue;Connaissance du franÃ§ais et de l'anglais lors de l'admission;Anglais seulement;36;50;86
Abitibi-TÃ©miscamingue;Connaissance du franÃ§ais et de l'anglais lors de l'admission;Ni franÃ§ais ni anglais;43;39;82
Abitibi-TÃ©miscamingue;Connaissance du franÃ§ais et de l'anglais lors de l'admission;Non disponible;1;13;14
Abitibi-TÃ©miscamingue;ScolaritÃ© des immigrants Ã¢gÃ©s de 15 ans et plus;0-6 annÃ©es;106;71;177
Abitibi-TÃ©miscamingue;ScolaritÃ© des immigrants Ã¢gÃ©s de 15 ans et plus;7-11 annÃ©es;29;46;75
Abitibi-TÃ©miscamingue;ScolaritÃ© des immigrants Ã¢gÃ©s de 15 ans et plus;12-13 annÃ©es;43;50;93
Abitibi-TÃ©miscamingue;ScolaritÃ© des immigrants Ã¢gÃ©s de 15 ans et plus;14-16 annÃ©es;96;116;212
Abitibi-TÃ©miscamingue;ScolaritÃ© des immigrants Ã¢gÃ©s de 15 ans et plus;17 annÃ©es et +;141;166;307
Abitibi-TÃ©miscamingue;ScolaritÃ© des immigrants Ã¢gÃ©s de 15 ans et plus;Information non disponible;0;0;0
Abitibi-TÃ©miscamingue;Nombre d'actifs;Nombre d'actifs;370;416;786
Abitibi-TÃ©miscamingue;Nombre d'inactifs;Nombre d'inactifs;45;33;78
Abitibi-TÃ©miscamingue;Continent et rÃ©gion de naissance Afrique;Afrique occidentale;101;107;208
Abitibi-TÃ©miscamingue;Continent et rÃ©gion de naissance Afrique;Afrique orientale;13;24;37
Abitibi-TÃ©miscamingue;Continent et rÃ©gion de naissance Afrique;Afrique du Nord;112;103;215
Abitibi-TÃ©miscamingue;Continent et rÃ©gion de naissance Afrique;Afrique centrale et mÃ©ridionale;85;84;169
Abitibi-TÃ©miscamingue;Continent et rÃ©gion de naissance AmÃ©rique;AmÃ©rique du Nord ;9;5;14
Abitibi-TÃ©miscamingue;Continent et rÃ©gion de naissance AmÃ©rique;AmÃ©rique centrale;12;11;23
Abitibi-TÃ©miscamingue;Continent et rÃ©gion de naissance AmÃ©rique;AmÃ©rique du Sud;26;15;41
Abitibi-TÃ©miscamingue;Continent et rÃ©gion de naissance AmÃ©rique;Antilles;18;34;52
Abitibi-TÃ©miscamingue;Continent et rÃ©gion de naissance Asie;Moyen-Orient;8;16;24
Abitibi-TÃ©miscamingue;Continent et rÃ©gion de naissance Asie;Asie du Sud-Est;17;27;44
Abitibi-TÃ©miscamingue;Continent et rÃ©gion de naissance Asie;Autres, Asie;8;15;23
Abitibi-TÃ©miscamingue;Continent et rÃ©gion de naissance Europe;Europe occidentale et septentrionale;86;84;170
Abitibi-TÃ©miscamingue;Continent et rÃ©gion de naissance Europe;Europe orientale et mÃ©ridionale;17;9;26
Abitibi-TÃ©miscamingue;Continent et rÃ©gion de naissance OcÃ©anie et autres pays;OcÃ©anie et autres pays;1;3;4
Abitibi-TÃ©miscamingue;Principaux pays de naissance_1re;France;70;75;145
Abitibi-TÃ©miscamingue;Principaux pays de naissance_2Ã¨me;Cameroun;60;61;121
Abitibi-TÃ©miscamingue;Principaux pays de naissance_3Ã¨me;Maroc;46;54;100
Abitibi-TÃ©miscamingue;Principaux pays de naissance_4Ã¨me;CÃ´te d'Ivoire;49;40;89
Abitibi-TÃ©miscamingue;Principaux pays de naissance_5Ã¨me;Tunisie;42;33;75
Abitibi-TÃ©miscamingue;Principaux pays de naissance_6Ã¨me;SÃ©nÃ©gal;20;30;50
Abitibi-TÃ©miscamingue;Principaux pays de naissance_7Ã¨me;AlgÃ©rie;22;15;37
Abitibi-TÃ©miscamingue;Principaux pays de naissance_8Ã¨me;Philippines;16;20;36
Abitibi-TÃ©miscamingue;Principaux pays de naissance_9Ã¨me;RÃ©p. dÃ©m. du Congo;14;19;33
Abitibi-TÃ©miscamingue;Principaux pays de naissance_10Ã¨me;HaÃ¯ti;15;17;32
Abitibi-TÃ©miscamingue;MunicipalitÃ© rÃ©gionale de comtÃ© de rÃ©sidence;Abitibi;51;64;115
Abitibi-TÃ©miscamingue;MunicipalitÃ© rÃ©gionale de comtÃ© de rÃ©sidence;Abitibi-Ouest;27;28;55
Abitibi-TÃ©miscamingue;MunicipalitÃ© rÃ©gionale de comtÃ© de rÃ©sidence;La VallÃ©e-de-l'Or;240;213;453
Abitibi-TÃ©miscamingue;MunicipalitÃ© rÃ©gionale de comtÃ© de rÃ©sidence;Rouyn-Noranda;160;193;353
Abitibi-TÃ©miscamingue;MunicipalitÃ© rÃ©gionale de comtÃ© de rÃ©sidence;TÃ©miscamingue;35;39;74
CÃ´te-Nord;Groupe d'Ã¢ge ;0-14 ans;54;42;96
CÃ´te-Nord;Groupe d'Ã¢ge ;15-24 ans;20;21;41
CÃ´te-Nord;Groupe d'Ã¢ge ;25-34 ans;117;106;223
CÃ´te-Nord;Groupe d'Ã¢ge ;35-44 ans;39;58;97
CÃ´te-Nord;Groupe d'Ã¢ge ;45 ans et +;15;18;33
CÃ´te-Nord;Sexe;Femmes;115;143;258
CÃ´te-Nord;Sexe;Hommes;130;102;232
CÃ´te-Nord;CatÃ©gorie d'immigration;Immigration Ã©conomique;145;142;287
CÃ´te-Nord;CatÃ©gorie d'immigration;Regroupement familial;92;96;188
CÃ´te-Nord;CatÃ©gorie d'immigration;RÃ©fugiÃ©s et personnes en situation semblable;7;7;14
CÃ´te-Nord;CatÃ©gorie d'immigration;Autres catÃ©gories d'immigration;1;0;1
CÃ´te-Nord;Connaissance du franÃ§ais et de l'anglais lors de l'admission;FranÃ§ais seulement;121;120;241
CÃ´te-Nord;Connaissance du franÃ§ais et de l'anglais lors de l'admission;FranÃ§ais et anglais;85;65;150
CÃ´te-Nord;Connaissance du franÃ§ais et de l'anglais lors de l'admission;Anglais seulement;14;35;49
CÃ´te-Nord;Connaissance du franÃ§ais et de l'anglais lors de l'admission;Ni franÃ§ais ni anglais;25;14;39
CÃ´te-Nord;Connaissance du franÃ§ais et de l'anglais lors de l'admission;Non disponible;0;11;11
CÃ´te-Nord;ScolaritÃ© des immigrants Ã¢gÃ©s de 15 ans et plus;0-6 annÃ©es;47;33;80
CÃ´te-Nord;ScolaritÃ© des immigrants Ã¢gÃ©s de 15 ans et plus;7-11 annÃ©es;12;28;40
CÃ´te-Nord;ScolaritÃ© des immigrants Ã¢gÃ©s de 15 ans et plus;12-13 annÃ©es;15;25;40
CÃ´te-Nord;ScolaritÃ© des immigrants Ã¢gÃ©s de 15 ans et plus;14-16 annÃ©es;52;57;109
CÃ´te-Nord;ScolaritÃ© des immigrants Ã¢gÃ©s de 15 ans et plus;17 annÃ©es et +;65;60;125
CÃ´te-Nord;ScolaritÃ© des immigrants Ã¢gÃ©s de 15 ans et plus;Information non disponible;0;0;0
CÃ´te-Nord;Nombre d'actifs;Nombre d'actifs;183;183;366
CÃ´te-Nord;Nombre d'inactifs;Nombre d'inactifs;8;20;28
CÃ´te-Nord;Continent et rÃ©gion de naissance Afrique;Afrique occidentale et orientale;63;63;126
CÃ´te-Nord;Continent et rÃ©gion de naissance Afrique;Afrique du Nord;33;32;65
CÃ´te-Nord;Continent et rÃ©gion de naissance Afrique;Afrique centrale et mÃ©ridionale;38;20;58
CÃ´te-Nord;Continent et rÃ©gion de naissance AmÃ©rique;AmÃ©rique du Nord et centale;7;13;20
CÃ´te-Nord;Continent et rÃ©gion de naissance AmÃ©rique;AmÃ©rique du Sud;14;14;28
CÃ´te-Nord;Continent et rÃ©gion de naissance AmÃ©rique;Antilles;15;14;29
CÃ´te-Nord;Continent et rÃ©gion de naissance Asie;Asie du Sud-Est;7;37;44
CÃ´te-Nord;Continent et rÃ©gion de naissance Asie;Autres, Asie;3;6;9
CÃ´te-Nord;Continent et rÃ©gion de naissance Europe;Europe;62;39;101
CÃ´te-Nord;Continent et rÃ©gion de naissance OcÃ©anie et autres pays;OcÃ©anie et autres pays;3;7;10
CÃ´te-Nord;Principaux pays de naissance_1re;France;45;26;71
CÃ´te-Nord;Principaux pays de naissance_2Ã¨me;CÃ´te d'Ivoire;30;27;57
CÃ´te-Nord;Principaux pays de naissance_3Ã¨me;Cameroun;28;20;48
CÃ´te-Nord;Principaux pays de naissance_4Ã¨me;Philippines;6;33;39
CÃ´te-Nord;Principaux pays de naissance_5Ã¨me;Maroc;13;19;32
CÃ´te-Nord;Principaux pays de naissance_6Ã¨me;Burkina Faso;9;14;23
CÃ´te-Nord;Principaux pays de naissance_7Ã¨me;SÃ©nÃ©gal;7;12;19
CÃ´te-Nord;Principaux pays de naissance_8Ã¨me;Tunisie;9;7;16
CÃ´te-Nord;Principaux pays de naissance_9Ã¨me;AlgÃ©rie;8;6;14
CÃ´te-Nord;Principaux pays de naissance_10Ã¨me;Mexique;5;9;14
CÃ´te-Nord;MunicipalitÃ© rÃ©gionale de comtÃ© de rÃ©sidence;Caniapiscau;23;9;32
CÃ´te-Nord;MunicipalitÃ© rÃ©gionale de comtÃ© de rÃ©sidence;La Haute-CÃ´te-Nord;16;20;36
CÃ´te-Nord;MunicipalitÃ© rÃ©gionale de comtÃ© de rÃ©sidence;Le Golfe-du-Saint-Laurent;x;x;12
CÃ´te-Nord;MunicipalitÃ© rÃ©gionale de comtÃ© de rÃ©sidence;Manicouagan;68;51;119
CÃ´te-Nord;MunicipalitÃ© rÃ©gionale de comtÃ© de rÃ©sidence;Minganie;12;9;21
CÃ´te-Nord;MunicipalitÃ© rÃ©gionale de comtÃ© de rÃ©sidence;Sept-RiviÃ¨res;124;146;270
Nord-du-QuÃ©bec;Groupe d'Ã¢ge ;0-14 ans;15;22;37
Nord-du-QuÃ©bec;Groupe d'Ã¢ge ;15-24 ans;7;5;12
Nord-du-QuÃ©bec;Groupe d'Ã¢ge ;25-34 ans;55;35;90
Nord-du-QuÃ©bec;Groupe d'Ã¢ge ;35-44 ans;19;29;48
Nord-du-QuÃ©bec;Groupe d'Ã¢ge ;45 ans et plus;6;13;19
Nord-du-QuÃ©bec;Sexe;Femmes;49;43;92
Nord-du-QuÃ©bec;Sexe;Hommes;53;61;114
Nord-du-QuÃ©bec;CatÃ©gorie d'immigration;Immigration Ã©conomique;54;67;121
Nord-du-QuÃ©bec;CatÃ©gorie d'immigration;Regroupement familial;40;34;74
Nord-du-QuÃ©bec;CatÃ©gorie d'immigration;Autres catÃ©gories d'immigration;8;3;11
Nord-du-QuÃ©bec;Connaissance du franÃ§ais et de l'anglais lors de l'admission;FranÃ§ais seulement;50;66;116
Nord-du-QuÃ©bec;Connaissance du franÃ§ais et de l'anglais lors de l'admission;FranÃ§ais et anglais;23;23;46
Nord-du-QuÃ©bec;Connaissance du franÃ§ais et de l'anglais lors de l'admission;Anglais seulement;21;9;30
Nord-du-QuÃ©bec;Connaissance du franÃ§ais et de l'anglais lors de l'admission;Ni franÃ§ais ni anglais;7;5;12
Nord-du-QuÃ©bec;Connaissance du franÃ§ais et de l'anglais lors de l'admission;Non disponible;1;1;2
Nord-du-QuÃ©bec;ScolaritÃ© des immigrants Ã¢gÃ©s de 15 ans et plus;0-6 annÃ©es;14;8;22
Nord-du-QuÃ©bec;ScolaritÃ© des immigrants Ã¢gÃ©s de 15 ans et plus;7-13 annÃ©es;18;26;44
Nord-du-QuÃ©bec;ScolaritÃ© des immigrants Ã¢gÃ©s de 15 ans et plus;14-16 annÃ©es;28;21;49
Nord-du-QuÃ©bec;ScolaritÃ© des immigrants Ã¢gÃ©s de 15 ans et plus;17 annÃ©es et +;27;27;54
Nord-du-QuÃ©bec;ScolaritÃ© des immigrants Ã¢gÃ©s de 15 ans et plus;Information non disponible;0;0;0
Nord-du-QuÃ©bec;Nombre d'actifs;Nombre d'actifs;79;75;154
Nord-du-QuÃ©bec;Nombre d'inactifs;Nombre d'inactifs;8;7;15
Nord-du-QuÃ©bec;Continent et rÃ©gion de naissance Afrique;Afrique occidentale et orientale;32;38;70
Nord-du-QuÃ©bec;Continent et rÃ©gion de naissance Afrique;Afrique du Nord;18;17;35
Nord-du-QuÃ©bec;Continent et rÃ©gion de naissance Afrique;Afrique centrale et mÃ©ridionale;7;12;19
Nord-du-QuÃ©bec;Continent et rÃ©gion de naissance AmÃ©rique;AmÃ©rique ;21;7;28
Nord-du-QuÃ©bec;Continent et rÃ©gion de naissance Asie;Asie;10;7;17
Nord-du-QuÃ©bec;Continent et rÃ©gion de naissance Europe;Europe ;13;23;36
Nord-du-QuÃ©bec;Continent et rÃ©gion de naissance OcÃ©anie et autres pays;OcÃ©anie et autres pays;1;0;1
Nord-du-QuÃ©bec;Principaux pays de naissance_1re;CÃ´te d'Ivoire;22;26;48
Nord-du-QuÃ©bec;Principaux pays de naissance_2Ã¨me;France;8;18;26
Nord-du-QuÃ©bec;Principaux pays de naissance_3Ã¨me;Tunisie;12;11;23
Nord-du-QuÃ©bec;Principaux pays de naissance_4Ã¨me;Cameroun;5;10;15
Nord-du-QuÃ©bec;Principaux pays de naissance_5Ã¨me;Maroc;x;x;10
Nord-du-QuÃ©bec;Principaux pays de naissance_6Ã¨me;Philippines;x;x;7
Nord-du-QuÃ©bec;Principaux pays de naissance_7Ã¨me;Mexique;x;x;6
Nord-du-QuÃ©bec;Principaux pays de naissance_8Ã¨me;Togo;x;x;5
Nord-du-QuÃ©bec;Principaux pays de naissance_9Ã¨me;SÃ©nÃ©gal;0;5;5
Nord-du-QuÃ©bec;Principaux pays de naissance_10Ã¨me;HaÃ¯ti;x;x;x
Nord-du-QuÃ©bec;MunicipalitÃ© rÃ©gionale de comtÃ© de rÃ©sidence;Eeyou Istchee;23;25;48
Nord-du-QuÃ©bec;MunicipalitÃ© rÃ©gionale de comtÃ© de rÃ©sidence;JamÃ©sie;68;68;136
Nord-du-QuÃ©bec;MunicipalitÃ© rÃ©gionale de comtÃ© de rÃ©sidence;Kativik;11;11;22
GapÃ©sieâÃles-de-la-Madeleine;Groupe d'Ã¢ge ;0-14 ans;16;13;29
GapÃ©sieâÃles-de-la-Madeleine;Groupe d'Ã¢ge ;15-24 ans;11;5;16
GapÃ©sieâÃles-de-la-Madeleine;Groupe d'Ã¢ge ;25-34 ans;85;77;162
GapÃ©sieâÃles-de-la-Madeleine;Groupe d'Ã¢ge ;35-44 ans;36;19;55
GapÃ©sieâÃles-de-la-Madeleine;Groupe d'Ã¢ge ;45 ans et +;20;21;41
GapÃ©sieâÃles-de-la-Madeleine;Sexe;Femmes;78;71;149
GapÃ©sieâÃles-de-la-Madeleine;sexe;Hommes;90;64;154
GapÃ©sieâÃles-de-la-Madeleine;CatÃ©gorie d'immigration;Immigration Ã©conomique;88;74;162
GapÃ©sieâÃles-de-la-Madeleine;CatÃ©gorie d'immigration;Regroupement familial;78;59;137
GapÃ©sieâÃles-de-la-Madeleine;CatÃ©gorie d'immigration;Autres catÃ©gories d'immigration;2;2;4
GapÃ©sieâÃles-de-la-Madeleine;Connaissance du franÃ§ais et de l'anglais lors de l'admission;FranÃ§ais seulement;85;53;138
GapÃ©sieâÃles-de-la-Madeleine;Connaissance du franÃ§ais et de l'anglais lors de l'admission;FranÃ§ais et anglais;51;62;113
GapÃ©sieâÃles-de-la-Madeleine;Connaissance du franÃ§ais et de l'anglais lors de l'admission;Anglais seulement;16;11;27
GapÃ©sieâÃles-de-la-Madeleine;Connaissance du franÃ§ais et de l'anglais lors de l'admission;Ni franÃ§ais ni anglais;12;6;18
GapÃ©sieâÃles-de-la-Madeleine;Connaissance du franÃ§ais et de l'anglais lors de l'admission;Non disponible;4;3;7
GapÃ©sieâÃles-de-la-Madeleine;ScolaritÃ© des immigrants Ã¢gÃ©s de 15 ans et plus;0-6 annÃ©es;24;22;46
GapÃ©sieâÃles-de-la-Madeleine;ScolaritÃ© des immigrants Ã¢gÃ©s de 15 ans et plus;7-11 annÃ©es;13;8;21
GapÃ©sieâÃles-de-la-Madeleine;ScolaritÃ© des immigrants Ã¢gÃ©s de 15 ans et plus;12-13 annÃ©es;24;11;35
GapÃ©sieâÃles-de-la-Madeleine;ScolaritÃ© des immigrants Ã¢gÃ©s de 15 ans et plus;14-16 annÃ©es;45;31;76
GapÃ©sieâÃles-de-la-Madeleine;ScolaritÃ© des immigrants Ã¢gÃ©s de 15 ans et plus;17 annÃ©es et +;46;50;96
GapÃ©sieâÃles-de-la-Madeleine;ScolaritÃ© des immigrants Ã¢gÃ©s de 15 ans et plus;Information non disponible;0;0;0
GapÃ©sieâÃles-de-la-Madeleine;Nombre d'inactifs;Nombre d'inactifs;145;115;260
GapÃ©sieâÃles-de-la-Madeleine;Nombre d'inactifs;Nombre d'inactifs;7;7;14
GapÃ©sieâÃles-de-la-Madeleine;Continent et rÃ©gion de naissance Afrique;Afrique occidentale ;7;7;14
GapÃ©sieâÃles-de-la-Madeleine;Continent et rÃ©gion de naissance Afrique;Afrique du Nord;6;11;17
GapÃ©sieâÃles-de-la-Madeleine;Continent et rÃ©gion de naissance Afrique;Autres, Afrique;15;14;29
GapÃ©sieâÃles-de-la-Madeleine;Continent et rÃ©gion de naissance AmÃ©rique;Antilles;9;7;16
GapÃ©sieâÃles-de-la-Madeleine;Continent et rÃ©gion de naissance AmÃ©rique;Autres, AmÃ©rique;19;9;28
GapÃ©sieâÃles-de-la-Madeleine;Continent et rÃ©gion de naissance Asie;Asie du Sud-Est;8;7;15
GapÃ©sieâÃles-de-la-Madeleine;Continent et rÃ©gion de naissance Europe;Autres, Asie;10;6;16
GapÃ©sieâÃles-de-la-Madeleine;Continent et rÃ©gion de naissance Europe;Europe occidentale et septentrionale;84;69;153
GapÃ©sieâÃles-de-la-Madeleine;Continent et rÃ©gion de naissance Europe;Autres, Europe;7;4;11
GapÃ©sieâÃles-de-la-Madeleine;Continent et rÃ©gion de naissance OcÃ©anie et autres pays;OcÃ©anie et autres pays;3;1;4
GapÃ©sieâÃles-de-la-Madeleine;Principaux pays de naissance_1re;France;70;61;131
GapÃ©sieâÃles-de-la-Madeleine;Principaux pays de naissance_2Ã¨me;Ãtats-Unis;x;x;9
GapÃ©sieâÃles-de-la-Madeleine;Principaux pays de naissance_3Ã¨me;RÃ©p. dÃ©m. du Congo;x;x;9
GapÃ©sieâÃles-de-la-Madeleine;Principaux pays de naissance_4Ã¨me;Maroc;x;x;8
GapÃ©sieâÃles-de-la-Madeleine;Principaux pays de naissance_5Ã¨me;RÃ©union;x;x;8
GapÃ©sieâÃles-de-la-Madeleine;Principaux pays de naissance_6Ã¨me;Cameroun;x;x;7
GapÃ©sieâÃles-de-la-Madeleine;Principaux pays de naissance_7Ã¨me;Suisse;x;x;7
GapÃ©sieâÃles-de-la-Madeleine;Principaux pays de naissance_8Ã¨me;Vietnam;x;x;7
GapÃ©sieâÃles-de-la-Madeleine;Principaux pays de naissance_9Ã¨me;Chine;x;x;7
GapÃ©sieâÃles-de-la-Madeleine;Principaux pays de naissance_10Ã¨me;Cuba;x;x;6
GapÃ©sieâÃles-de-la-Madeleine;MunicipalitÃ© rÃ©gionale de comtÃ© de rÃ©sidence;Avignon;27;16;43
GapÃ©sieâÃles-de-la-Madeleine;MunicipalitÃ© rÃ©gionale de comtÃ© de rÃ©sidence;Bonaventure;28;21;49
GapÃ©sieâÃles-de-la-Madeleine;MunicipalitÃ© rÃ©gionale de comtÃ© de rÃ©sidence;La CÃ´te-de-GaspÃ©;41;45;86
GapÃ©sieâÃles-de-la-Madeleine;MunicipalitÃ© rÃ©gionale de comtÃ© de rÃ©sidence;La Haute-GaspÃ©sie;24;28;52
GapÃ©sieâÃles-de-la-Madeleine;MunicipalitÃ© rÃ©gionale de comtÃ© de rÃ©sidence;Le Rocher-PercÃ©;30;13;43
GapÃ©sieâÃles-de-la-Madeleine;MunicipalitÃ© rÃ©gionale de comtÃ© de rÃ©sidence;Les Ãles-de-la-Madeleine;18;12;30
ChaudiÃ¨re-Appalaches;Groupe d'Ã¢ge ;0-14 ans;447;611;1058
ChaudiÃ¨re-Appalaches;Groupe d'Ã¢ge ;15-24 ans;194;184;378
ChaudiÃ¨re-Appalaches;Groupe d'Ã¢ge ;25-34 ans;909;890;1799
ChaudiÃ¨re-Appalaches;Groupe d'Ã¢ge ;35-44 ans;409;591;1000
ChaudiÃ¨re-Appalaches;Groupe d'Ã¢ge ;45-64 ans ;95;214;309
ChaudiÃ¨re-Appalaches;Groupe d'Ã¢ge ;65 ans et +;17;27;44
ChaudiÃ¨re-Appalaches;Sexe;Femmes;1039;1268;2307
ChaudiÃ¨re-Appalaches;Sexe;Hommes;1032;1249;2281
ChaudiÃ¨re-Appalaches;CatÃ©gorie d'immigration;Immigration Ã©conomique;1313;1655;2968
ChaudiÃ¨re-Appalaches;CatÃ©gorie d'immigration;Regroupement familial;621;712;1333
ChaudiÃ¨re-Appalaches;CatÃ©gorie d'immigration;RÃ©fugiÃ©s et personnes en situation semblable;117;115;232
ChaudiÃ¨re-Appalaches;CatÃ©gorie d'immigration;Autres catÃ©gories d'immigration;20;35;55
ChaudiÃ¨re-Appalaches;Connaissance du franÃ§ais et de l'anglais lors de l'admission;FranÃ§ais seulement;1074;1366;2440
ChaudiÃ¨re-Appalaches;Connaissance du franÃ§ais et de l'anglais lors de l'admission;FranÃ§ais et anglais;595;750;1345
ChaudiÃ¨re-Appalaches;Connaissance du franÃ§ais et de l'anglais lors de l'admission;Anglais seulement;131;125;256
ChaudiÃ¨re-Appalaches;Connaissance du franÃ§ais et de l'anglais lors de l'admission;Ni franÃ§ais ni anglais;267;230;497
ChaudiÃ¨re-Appalaches;Connaissance du franÃ§ais et de l'anglais lors de l'admission;Non disponible;4;46;50
ChaudiÃ¨re-Appalaches;ScolaritÃ© des immigrants Ã¢gÃ©s de 15 ans et plus;0-6 annÃ©es;365;253;618
ChaudiÃ¨re-Appalaches;ScolaritÃ© des immigrants Ã¢gÃ©s de 15 ans et plus;7-11 annÃ©es;150;245;395
ChaudiÃ¨re-Appalaches;ScolaritÃ© des immigrants Ã¢gÃ©s de 15 ans et plus;12-13 annÃ©es;170;255;425
ChaudiÃ¨re-Appalaches;ScolaritÃ© des immigrants Ã¢gÃ©s de 15 ans et plus;14-16 annÃ©es;442;536;978
ChaudiÃ¨re-Appalaches;ScolaritÃ© des immigrants Ã¢gÃ©s de 15 ans et plus;17 annÃ©es et +;497;615;1112
ChaudiÃ¨re-Appalaches;ScolaritÃ© des immigrants Ã¢gÃ©s de 15 ans et plus;Information non disponible;0;2;2
ChaudiÃ¨re-Appalaches;Nombre d'actifs;Nombre d'actifs;1486;1726;3212
ChaudiÃ¨re-Appalaches;Nombre d'inactifs;Nombre d'inactifs;138;180;318
ChaudiÃ¨re-Appalaches;Continent et rÃ©gion de naissance Afrique;Afrique occidentale;308;321;629
ChaudiÃ¨re-Appalaches;Continent et rÃ©gion de naissance Afrique;Afrique orientale;86;154;240
ChaudiÃ¨re-Appalaches;Continent et rÃ©gion de naissance Afrique;Afrique du Nord;327;411;738
ChaudiÃ¨re-Appalaches;Continent et rÃ©gion de naissance Afrique;Afrique centrale et mÃ©ridionale;262;284;546
ChaudiÃ¨re-Appalaches;Continent et rÃ©gion de naissance AmÃ©rique;AmÃ©rique du Nord;24;25;49
ChaudiÃ¨re-Appalaches;Continent et rÃ©gion de naissance AmÃ©rique;AmÃ©rique centrale;74;136;210
ChaudiÃ¨re-Appalaches;Continent et rÃ©gion de naissance AmÃ©rique;AmÃ©rique du Sud;209;220;429
ChaudiÃ¨re-Appalaches;Continent et rÃ©gion de naissance AmÃ©rique;Antilles;148;148;296
ChaudiÃ¨re-Appalaches;Continent et rÃ©gion de naissance Asie;Moyen-Orient;29;25;54
ChaudiÃ¨re-Appalaches;Continent et rÃ©gion de naissance Asie;Asie orientale;40;32;72
ChaudiÃ¨re-Appalaches;Continent et rÃ©gion de naissance Asie;Asie du Sud-Est;58;66;124
ChaudiÃ¨re-Appalaches;Continent et rÃ©gion de naissance Asie;Autres, Asie;6;11;17
ChaudiÃ¨re-Appalaches;Continent et rÃ©gion de naissance Europe;Europe occidentale et septentrionale;440;643;1083
ChaudiÃ¨re-Appalaches;Continent et rÃ©gion de naissance Europe;Autres, Europe;53;35;88
ChaudiÃ¨re-Appalaches;Continent et rÃ©gion de naissance OcÃ©anie et autres pays;OcÃ©anie et autres pays;7;6;13
ChaudiÃ¨re-Appalaches;Principaux pays de naissance_1re;France;397;587;984
ChaudiÃ¨re-Appalaches;Principaux pays de naissance_2Ã¨me;Cameroun;183;190;373
ChaudiÃ¨re-Appalaches;Principaux pays de naissance_3Ã¨me;CÃ´te d'Ivoire;149;177;326
ChaudiÃ¨re-Appalaches;Principaux pays de naissance_4Ã¨me;Tunisie;104;200;304
ChaudiÃ¨re-Appalaches;Principaux pays de naissance_5Ã¨me;AlgÃ©rie;117;110;227
ChaudiÃ¨re-Appalaches;Principaux pays de naissance_6Ã¨me;Colombie;140;76;216
ChaudiÃ¨re-Appalaches;Principaux pays de naissance_7Ã¨me;Maroc;103;99;202
ChaudiÃ¨re-Appalaches;Principaux pays de naissance_8Ã¨me;HaÃ¯ti;89;86;175
ChaudiÃ¨re-Appalaches;Principaux pays de naissance_9Ã¨me;BrÃ©sil;40;112;152
ChaudiÃ¨re-Appalaches;Principaux pays de naissance_10Ã¨me;RÃ©p. dÃ©m. du Congo;52;62;114
ChaudiÃ¨re-Appalaches;MunicipalitÃ© rÃ©gionale de comtÃ© de rÃ©sidence;Beauce-Sartigan;182;262;444
ChaudiÃ¨re-Appalaches;MunicipalitÃ© rÃ©gionale de comtÃ© de rÃ©sidence;Bellechasse;95;142;237
ChaudiÃ¨re-Appalaches;MunicipalitÃ© rÃ©gionale de comtÃ© de rÃ©sidence;L'Islet;19;29;48
ChaudiÃ¨re-Appalaches;MunicipalitÃ© rÃ©gionale de comtÃ© de rÃ©sidence;La Nouvelle-Beauce;75;128;203
ChaudiÃ¨re-Appalaches;MunicipalitÃ© rÃ©gionale de comtÃ© de rÃ©sidence;Les Appalaches;83;162;245
ChaudiÃ¨re-Appalaches;MunicipalitÃ© rÃ©gionale de comtÃ© de rÃ©sidence;Les Etchemins;26;62;88
ChaudiÃ¨re-Appalaches;MunicipalitÃ© rÃ©gionale de comtÃ© de rÃ©sidence;LotbiniÃ¨re;105;85;190
ChaudiÃ¨re-Appalaches;MunicipalitÃ© rÃ©gionale de comtÃ© de rÃ©sidence;LÃ©vis;1423;1533;2956
ChaudiÃ¨re-Appalaches;MunicipalitÃ© rÃ©gionale de comtÃ© de rÃ©sidence;Montmagny;46;58;104
ChaudiÃ¨re-Appalaches;MunicipalitÃ© rÃ©gionale de comtÃ© de rÃ©sidence;Robert-Cliche;17;56;73
Laval;Groupe d'Ã¢ge ;0-14 ans;4379;2823;7202
Laval;Groupe d'Ã¢ge ;15-24 ans;2170;1454;3624
Laval;Groupe d'Ã¢ge ;25-34 ans;5659;3567;9226
Laval;Groupe d'Ã¢ge ;35-44 ans;3539;2583;6122
Laval;Groupe d'Ã¢ge ;45-64 ans ;1964;1595;3559
Laval;Groupe d'Ã¢ge ;65 ans et +;488;653;1141
Laval;Sexe;Femmes;9515;6665;16180
Laval;Sexe;Hommes;8684;6010;14694
Laval;CatÃ©gorie d'immigration;Immigration Ã©conomique;8664;3958;12622
Laval;CatÃ©gorie d'immigration;Regroupement familial;4413;4052;8465
Laval;CatÃ©gorie d'immigration;RÃ©fugiÃ©s et personnes en situation semblable;4763;4309;9072
Laval;CatÃ©gorie d'immigration;Autres immigrants;359;356;715
Laval;Connaissance du franÃ§ais et de l'anglais lors de l'admission;FranÃ§ais seulement;5431;3151;8582
Laval;Connaissance du franÃ§ais et de l'anglais lors de l'admission;FranÃ§ais et anglais;4553;2883;7436
Laval;Connaissance du franÃ§ais et de l'anglais lors de l'admission;Anglais seulement;3480;3306;6786
Laval;Connaissance du franÃ§ais et de l'anglais lors de l'admission;Ni franÃ§ais ni anglais;4692;3054;7746
Laval;Connaissance du franÃ§ais et de l'anglais lors de l'admission;Non disponible;43;281;324
Laval;ScolaritÃ© des immigrants Ã¢gÃ©s de 15 ans et plus;0-6 annÃ©es;3336;1417;4753
Laval;ScolaritÃ© des immigrants Ã¢gÃ©s de 15 ans et plus;7-11 annÃ©es;1900;1652;3552
Laval;ScolaritÃ© des immigrants Ã¢gÃ©s de 15 ans et plus;12-13 annÃ©es;1677;1368;3045
Laval;ScolaritÃ© des immigrants Ã¢gÃ©s de 15 ans et plus;14-16 annÃ©es;3586;2673;6259
Laval;ScolaritÃ© des immigrants Ã¢gÃ©s de 15 ans et plus;17 annÃ©es et +;3321;2741;6062
Laval;ScolaritÃ© des immigrants Ã¢gÃ©s de 15 ans et plus;Information non disponible;0;1;1
Laval;Nombre d'actifs;Nombre d'actifs;11606;8191;19797
Laval;Nombre d'inactifs;Nombre d'inactifs;2214;1661;3875
Laval;Continent et rÃ©gion de naissance Afrique;Afrique occidentale;749;564;1313
Laval;Continent et rÃ©gion de naissance Afrique;Afrique orientale;250;191;441
Laval;Continent et rÃ©gion de naissance Afrique;Afrique du Nord;3782;2389;6171
Laval;Continent et rÃ©gion de naissance Afrique;Afrique centrale et mÃ©ridionale;711;563;1274
Laval;Continent et rÃ©gion de naissance AmÃ©rique;AmÃ©rique du Nord;209;162;371
Laval;Continent et rÃ©gion de naissance AmÃ©rique;AmÃ©rique centrale;441;221;662
Laval;Continent et rÃ©gion de naissance AmÃ©rique;AmÃ©rique du Sud;802;525;1327
Laval;Continent et rÃ©gion de naissance AmÃ©rique;Antilles;2074;965;3039
Laval;Continent et rÃ©gion de naissance Asie;Moyen-Orient;4904;3888;8792
Laval;Continent et rÃ©gion de naissance Asie;Asie occidentale et centrale;962;787;1749
Laval;Continent et rÃ©gion de naissance Asie;Asie orientale;306;292;598
Laval;Continent et rÃ©gion de naissance Asie;Asie mÃ©ridionale;670;834;1504
Laval;Continent et rÃ©gion de naissance Asie;Asie du Sud-Est;408;301;709
Laval;Continent et rÃ©gion de naissance Europe;Europe occidentale et septentrionale;575;470;1045
Laval;Continent et rÃ©gion de naissance Europe;Europe orientale;1112;332;1444
Laval;Continent et rÃ©gion de naissance Europe;Europe mÃ©ridionale;241;177;418
Laval;Continent et rÃ©gion de naissance OcÃ©anie et autres pays;OcÃ©anie et autres pays;3;14;17
Laval;Principaux pays de naissance_1re;Syrie;3234;2494;5728
Laval;Principaux pays de naissance_2Ã¨me;HaÃ¯ti;1725;763;2488
Laval;Principaux pays de naissance_3Ã¨me;AlgÃ©rie;1389;806;2195
Laval;Principaux pays de naissance_4Ã¨me;Liban;1228;848;2076
Laval;Principaux pays de naissance_5Ã¨me;Maroc;1199;743;1942
Laval;Principaux pays de naissance_6Ã¨me;Tunisie;682;630;1312
Laval;Principaux pays de naissance_7Ã¨me;France;496;389;885
Laval;Principaux pays de naissance_8Ã¨me;Cameroun;443;365;808
Laval;Principaux pays de naissance_9Ã¨me;Ãgypte;495;177;672
Laval;Principaux pays de naissance_10Ã¨me;Colombie;429;233;662
LanaudiÃ¨re;Groupe d'Ã¢ge ;0-14 ans;2162;1077;3239
LanaudiÃ¨re;Groupe d'Ã¢ge ;15-24 ans;643;427;1070
LanaudiÃ¨re;Groupe d'Ã¢ge ;25-34 ans;2704;1266;3970
LanaudiÃ¨re;Groupe d'Ã¢ge ;35-44 ans;1633;889;2522
LanaudiÃ¨re;Groupe d'Ã¢ge ;45-64 ans ;458;433;891
LanaudiÃ¨re;Groupe d'Ã¢ge ;65 ans et +;71;176;247
LanaudiÃ¨re;Sexe;Femmes;3981;2211;6192
LanaudiÃ¨re;Sexe;Hommes;3690;2057;5747
LanaudiÃ¨re;CatÃ©gorie d'immigration;Immigration Ã©conomique;4350;1724;6074
LanaudiÃ¨re;CatÃ©gorie d'immigration;Regroupement familial;2119;1606;3725
LanaudiÃ¨re;CatÃ©gorie d'immigration;RÃ©fugiÃ©s et personnes en situation semblable;920;740;1660
LanaudiÃ¨re;CatÃ©gorie d'immigration;Autres immigrants;282;198;480
LanaudiÃ¨re;Connaissance du franÃ§ais et de l'anglais lors de l'admission;FranÃ§ais seulement;3949;1940;5889
LanaudiÃ¨re;Connaissance du franÃ§ais et de l'anglais lors de l'admission;FranÃ§ais et anglais;1876;1134;3010
LanaudiÃ¨re;Connaissance du franÃ§ais et de l'anglais lors de l'admission;Anglais seulement;403;399;802
LanaudiÃ¨re;Connaissance du franÃ§ais et de l'anglais lors de l'admission;Ni franÃ§ais ni anglais;1426;663;2089
LanaudiÃ¨re;Connaissance du franÃ§ais et de l'anglais lors de l'admission;Non disponible;17;132;149
LanaudiÃ¨re;ScolaritÃ© des immigrants Ã¢gÃ©s de 15 ans et plus;0-6 annÃ©es;1440;520;1960
LanaudiÃ¨re;ScolaritÃ© des immigrants Ã¢gÃ©s de 15 ans et plus;7-11 annÃ©es;494;495;989
LanaudiÃ¨re;ScolaritÃ© des immigrants Ã¢gÃ©s de 15 ans et plus;12-13 annÃ©es;571;428;999
LanaudiÃ¨re;ScolaritÃ© des immigrants Ã¢gÃ©s de 15 ans et plus;14-16 annÃ©es;1463;822;2285
LanaudiÃ¨re;ScolaritÃ© des immigrants Ã¢gÃ©s de 15 ans et plus;17 annÃ©es et +;1541;926;2467
LanaudiÃ¨re;ScolaritÃ© des immigrants Ã¢gÃ©s de 15 ans et plus;Information non disponible;0;0;0
LanaudiÃ¨re;Nombre d'actifs;Nombre d'actifs;4884;2692;7576
LanaudiÃ¨re;Nombre d'inactifs;Nombre d'inactifs;625;499;1124
LanaudiÃ¨re;Continent et rÃ©gion de naissance Afrique;Afrique occidentale;588;290;878
LanaudiÃ¨re;Continent et rÃ©gion de naissance Afrique;Afrique orientale;206;232;438
LanaudiÃ¨re;Continent et rÃ©gion de naissance Afrique;Afrique du Nord;1916;814;2730
LanaudiÃ¨re;Continent et rÃ©gion de naissance Afrique;Afrique centrale et mÃ©ridionale;807;514;1321
LanaudiÃ¨re;Continent et rÃ©gion de naissance AmÃ©rique;AmÃ©rique du Nord;182;108;290
LanaudiÃ¨re;Continent et rÃ©gion de naissance AmÃ©rique;AmÃ©rique centrale;268;122;390
LanaudiÃ¨re;Continent et rÃ©gion de naissance AmÃ©rique;AmÃ©rique du Sud;360;299;659
LanaudiÃ¨re;Continent et rÃ©gion de naissance AmÃ©rique;Antilles;2076;823;2899
LanaudiÃ¨re;Continent et rÃ©gion de naissance Asie;Moyen-Orient;91;131;222
LanaudiÃ¨re;Continent et rÃ©gion de naissance Asie;Asie occidentale et centrale;90;94;184
LanaudiÃ¨re;Continent et rÃ©gion de naissance Asie;Asie orientale;69;77;146
LanaudiÃ¨re;Continent et rÃ©gion de naissance Asie;Asie mÃ©ridionale;21;23;44
LanaudiÃ¨re;Continent et rÃ©gion de naissance Asie;Asie du Sud-Est;86;80;166
LanaudiÃ¨re;Continent et rÃ©gion de naissance Europe;Europe occidentale et septentrionale;503;508;1011
LanaudiÃ¨re;Continent et rÃ©gion de naissance Europe;Europe orientale;355;100;455
LanaudiÃ¨re;Continent et rÃ©gion de naissance Europe;Europe mÃ©ridionale;49;44;93
LanaudiÃ¨re;Continent et rÃ©gion de naissance OcÃ©anie et autres pays;OcÃ©anie et autres pays;4;9;13
LanaudiÃ¨re;Principaux pays de naissance_1re;HaÃ¯ti;1830;682;2512
LanaudiÃ¨re;Principaux pays de naissance_2Ã¨me;AlgÃ©rie;1135;384;1519
LanaudiÃ¨re;Principaux pays de naissance_3Ã¨me;Cameroun;583;308;891
LanaudiÃ¨re;Principaux pays de naissance_4Ã¨me;France;432;433;865
LanaudiÃ¨re;Principaux pays de naissance_5Ã¨me;Maroc;473;229;702
LanaudiÃ¨re;Principaux pays de naissance_6Ã¨me;Tunisie;284;186;470
LanaudiÃ¨re;Principaux pays de naissance_7Ã¨me;CÃ´te d'Ivoire;222;117;339
LanaudiÃ¨re;Principaux pays de naissance_8Ã¨me;RÃ©p. dÃ©m. du Congo;153;141;294
LanaudiÃ¨re;Principaux pays de naissance_9Ã¨me;Ãtats-Unis;182;107;289
LanaudiÃ¨re;Principaux pays de naissance_10Ã¨me;Colombie;190;89;279
LanaudiÃ¨re;MunicipalitÃ© rÃ©gionale de comtÃ© de rÃ©sidence;D'Autray;242;187;429
LanaudiÃ¨re;MunicipalitÃ© rÃ©gionale de comtÃ© de rÃ©sidence;Joliette;477;542;1019
LanaudiÃ¨re;MunicipalitÃ© rÃ©gionale de comtÃ© de rÃ©sidence;L'Assomption;2718;1343;4061
LanaudiÃ¨re;MunicipalitÃ© rÃ©gionale de comtÃ© de rÃ©sidence;Les Moulins;3704;1809;5513
LanaudiÃ¨re;MunicipalitÃ© rÃ©gionale de comtÃ© de rÃ©sidence;Matawinie;184;162;346
LanaudiÃ¨re;MunicipalitÃ© rÃ©gionale de comtÃ© de rÃ©sidence;Montcalm;346;225;571
Laurentides;Groupe d'Ã¢ge ;0-14 ans;2013;1242;3255
Laurentides;Groupe d'Ã¢ge ;15-24 ans;842;542;1384
Laurentides;Groupe d'Ã¢ge ;25-34 ans;3154;1857;5011
Laurentides;Groupe d'Ã¢ge ;35-44 ans;1696;1270;2966
Laurentides;Groupe d'Ã¢ge ;45-64 ans ;475;654;1129
Laurentides;Groupe d'Ã¢ge ;65 ans et +;83;242;325
Laurentides;Sexe;Femmes;4263;3042;7305
Laurentides;Sexe;Hommes;4000;2765;6765
Laurentides;CatÃ©gorie d'immigration;Immigration Ã©conomique;4947;2637;7584
Laurentides;CatÃ©gorie d'immigration;Regroupement familial;2292;2097;4389
Laurentides;CatÃ©gorie d'immigration;RÃ©fugiÃ©s et personnes en situation semblable;875;961;1836
Laurentides;CatÃ©gorie d'immigration;Autres immigrants;149;112;261
Laurentides;Connaissance du franÃ§ais et de l'anglais lors de l'admission;FranÃ§ais seulement;2963;1721;4684
Laurentides;Connaissance du franÃ§ais et de l'anglais lors de l'admission;FranÃ§ais et anglais;2615;1783;4398
Laurentides;Connaissance du franÃ§ais et de l'anglais lors de l'admission;Anglais seulement;1042;1201;2243
Laurentides;Connaissance du franÃ§ais et de l'anglais lors de l'admission;Ni franÃ§ais ni anglais;1622;934;2556
Laurentides;Connaissance du franÃ§ais et de l'anglais lors de l'admission;Non disponible;21;168;189
Laurentides;ScolaritÃ© des immigrants Ã¢gÃ©s de 15 ans et plus;0-6 annÃ©es;1354;612;1966
Laurentides;ScolaritÃ© des immigrants Ã¢gÃ©s de 15 ans et plus;7-11 annÃ©es;623;606;1229
Laurentides;ScolaritÃ© des immigrants Ã¢gÃ©s de 15 ans et plus;12-13 annÃ©es;679;596;1275
Laurentides;ScolaritÃ© des immigrants Ã¢gÃ©s de 15 ans et plus;14-16 annÃ©es;1858;1293;3151
Laurentides;ScolaritÃ© des immigrants Ã¢gÃ©s de 15 ans et plus;17 annÃ©es et +;1736;1458;3194
Laurentides;ScolaritÃ© des immigrants Ã¢gÃ©s de 15 ans et plus;Information non disponible;0;0;0
Laurentides;Nombre d'actifs;Nombre d'actifs;5561;3894;9455
Laurentides;Nombre d'inactifs;Nombre d'inactifs;689;671;1360
Laurentides;Continent et rÃ©gion de naissance Afrique;Afrique occidentale;664;359;1023
Laurentides;Continent et rÃ©gion de naissance Afrique;Afrique orientale;260;165;425
Laurentides;Continent et rÃ©gion de naissance Afrique;Afrique du Nord;1483;802;2285
Laurentides;Continent et rÃ©gion de naissance Afrique;Afrique centrale et mÃ©ridionale;687;474;1161
Laurentides;Continent et rÃ©gion de naissance AmÃ©rique;AmÃ©rique du Nord;191;159;350
Laurentides;Continent et rÃ©gion de naissance AmÃ©rique;AmÃ©rique centrale;258;176;434
Laurentides;Continent et rÃ©gion de naissance AmÃ©rique;AmÃ©rique du Sud;643;377;1020
Laurentides;Continent et rÃ©gion de naissance AmÃ©rique;Antilles;786;381;1167
Laurentides;Continent et rÃ©gion de naissance Asie;Moyen-Orient;613;655;1268
Laurentides;Continent et rÃ©gion de naissance Asie;Asie occidentale et centrale;405;244;649
Laurentides;Continent et rÃ©gion de naissance Asie;Asie orientale;160;208;368
Laurentides;Continent et rÃ©gion de naissance Asie;Asie mÃ©ridionale;144;248;392
Laurentides;Continent et rÃ©gion de naissance Asie;Asie du Sud-Est;147;174;321
Laurentides;Continent et rÃ©gion de naissance Europe;Europe occidentale et septentrionale;957;1052;2009
Laurentides;Continent et rÃ©gion de naissance Europe;Europe orientale;742;245;987
Laurentides;Continent et rÃ©gion de naissance Europe;Europe mÃ©ridionale;108;70;178
Laurentides;Continent et rÃ©gion de naissance OcÃ©anie et autres pays;OcÃ©anie et autres pays;15;18;33
Laurentides;Principaux pays de naissance_1re;France;811;916;1727
Laurentides;Principaux pays de naissance_2Ã¨me;Cameroun;534;315;849
Laurentides;Principaux pays de naissance_3Ã¨me;Maroc;563;234;797
Laurentides;Principaux pays de naissance_4Ã¨me;HaÃ¯ti;575;215;790
Laurentides;Principaux pays de naissance_5Ã¨me;AlgÃ©rie;440;237;677
Laurentides;Principaux pays de naissance_6Ã¨me;Syrie;279;361;640
Laurentides;Principaux pays de naissance_7Ã¨me;Colombie;371;150;521
Laurentides;Principaux pays de naissance_8Ã¨me;Tunisie;260;207;467
Laurentides;Principaux pays de naissance_9Ã¨me;CÃ´te d'Ivoire;287;145;432
Laurentides;Principaux pays de naissance_10Ã¨me;Moldavie;348;41;389
Laurentides;MunicipalitÃ© rÃ©gionale de comtÃ© de rÃ©sidence;Antoine-Labelle;52;65;117
Laurentides;MunicipalitÃ© rÃ©gionale de comtÃ© de rÃ©sidence;Argenteuil;107;103;210
Laurentides;MunicipalitÃ© rÃ©gionale de comtÃ© de rÃ©sidence;Deux-Montagnes;2239;1336;3575
Laurentides;MunicipalitÃ© rÃ©gionale de comtÃ© de rÃ©sidence;La RiviÃ¨re-du-Nord;1475;1077;2552
Laurentides;MunicipalitÃ© rÃ©gionale de comtÃ© de rÃ©sidence;Les Laurentides;218;262;480
Laurentides;MunicipalitÃ© rÃ©gionale de comtÃ© de rÃ©sidence;Les Pays-d'en-Haut;279;279;558
Laurentides;MunicipalitÃ© rÃ©gionale de comtÃ© de rÃ©sidence;Mirabel;792;616;1408
Laurentides;MunicipalitÃ© rÃ©gionale de comtÃ© de rÃ©sidence;ThÃ©rÃ¨se-De Blainville;3101;2069;5170
AgglomÃ©ration de Longueuil;Groupe d'Ã¢ge ;0-14 ans;3630;3182;6812
AgglomÃ©ration de Longueuil;Groupe d'Ã¢ge ;15-24 ans;1642;1495;3137
AgglomÃ©ration de Longueuil;Groupe d'Ã¢ge ;25-34 ans;6005;4713;10718
AgglomÃ©ration de Longueuil;Groupe d'Ã¢ge ;35-44 ans;3265;3047;6312
AgglomÃ©ration de Longueuil;Groupe d'Ã¢ge ;45-64 ans ;1151;1393;2544
AgglomÃ©ration de Longueuil;Groupe d'Ã¢ge ;65 ans et +;351;580;931
AgglomÃ©ration de Longueuil;Sexe;Femmes;8359;7439;15798
AgglomÃ©ration de Longueuil;Sexe;Hommes;7685;6971;14656
AgglomÃ©ration de Longueuil;CatÃ©gorie d'immigration;Immigration Ã©conomique;10727;7867;18594
AgglomÃ©ration de Longueuil;CatÃ©gorie d'immigration;Regroupement familial;3648;3985;7633
AgglomÃ©ration de Longueuil;CatÃ©gorie d'immigration;RÃ©fugiÃ©s et personnes en situation semblable;1509;2331;3840
AgglomÃ©ration de Longueuil;CatÃ©gorie d'immigration;Autres immigrants;160;227;387
AgglomÃ©ration de Longueuil;Connaissance du franÃ§ais et de l'anglais lors de l'admission;FranÃ§ais seulement;4926;4326;9252
AgglomÃ©ration de Longueuil;Connaissance du franÃ§ais et de l'anglais lors de l'admission;FranÃ§ais et anglais;5710;4582;10292
AgglomÃ©ration de Longueuil;Connaissance du franÃ§ais et de l'anglais lors de l'admission;Anglais seulement;2022;2546;4568
AgglomÃ©ration de Longueuil;Connaissance du franÃ§ais et de l'anglais lors de l'admission;Ni franÃ§ais ni anglais;3342;2683;6025
AgglomÃ©ration de Longueuil;Connaissance du franÃ§ais et de l'anglais lors de l'admission;Non disponible;44;273;317
AgglomÃ©ration de Longueuil;ScolaritÃ© des immigrants Ã¢gÃ©s de 15 ans et plus;0-6 annÃ©es;2734;1462;4196
AgglomÃ©ration de Longueuil;ScolaritÃ© des immigrants Ã¢gÃ©s de 15 ans et plus;7-11 annÃ©es;1256;1352;2608
AgglomÃ©ration de Longueuil;ScolaritÃ© des immigrants Ã¢gÃ©s de 15 ans et plus;12-13 annÃ©es;1177;1214;2391
AgglomÃ©ration de Longueuil;ScolaritÃ© des immigrants Ã¢gÃ©s de 15 ans et plus;14-16 annÃ©es;3424;3159;6583
AgglomÃ©ration de Longueuil;ScolaritÃ© des immigrants Ã¢gÃ©s de 15 ans et plus;17 annÃ©es et +;3823;4041;7864
AgglomÃ©ration de Longueuil;ScolaritÃ© des immigrants Ã¢gÃ©s de 15 ans et plus;Information non disponible;0;0;0
AgglomÃ©ration de Longueuil;Nombre d'actifs;Nombre d'actifs;10448;9302;19750
AgglomÃ©ration de Longueuil;Nombre d'inactifs;Nombre d'inactifs;1966;1926;3892
AgglomÃ©ration de Longueuil;Continent et rÃ©gion de naissance Afrique;Afrique occidentale;1359;1487;2846
AgglomÃ©ration de Longueuil;Continent et rÃ©gion de naissance Afrique;Afrique orientale;771;625;1396
AgglomÃ©ration de Longueuil;Continent et rÃ©gion de naissance Afrique;Afrique du Nord;2560;2313;4873
AgglomÃ©ration de Longueuil;Continent et rÃ©gion de naissance Afrique;Afrique centrale et mÃ©ridionale;934;1289;2223
AgglomÃ©ration de Longueuil;Continent et rÃ©gion de naissance AmÃ©rique;AmÃ©rique du Nord;153;178;331
AgglomÃ©ration de Longueuil;Continent et rÃ©gion de naissance AmÃ©rique;AmÃ©rique centrale;450;325;775
AgglomÃ©ration de Longueuil;Continent et rÃ©gion de naissance AmÃ©rique;AmÃ©rique du Sud;1912;1395;3307
AgglomÃ©ration de Longueuil;Continent et rÃ©gion de naissance AmÃ©rique;Antilles;1153;594;1747
AgglomÃ©ration de Longueuil;Continent et rÃ©gion de naissance Asie;Moyen-Orient;483;539;1022
AgglomÃ©ration de Longueuil;Continent et rÃ©gion de naissance Asie;Asie occidentale et centrale;1345;1068;2413
AgglomÃ©ration de Longueuil;Continent et rÃ©gion de naissance Asie;Asie orientale;1647;1726;3373
AgglomÃ©ration de Longueuil;Continent et rÃ©gion de naissance Asie;Asie mÃ©ridionale;264;664;928
AgglomÃ©ration de Longueuil;Continent et rÃ©gion de naissance Asie;Asie du Sud-Est;288;315;603
AgglomÃ©ration de Longueuil;Continent et rÃ©gion de naissance Europe;Europe occidentale et septentrionale;1280;1297;2577
AgglomÃ©ration de Longueuil;Continent et rÃ©gion de naissance Europe;Europe orientale;1297;482;1779
AgglomÃ©ration de Longueuil;Continent et rÃ©gion de naissance Europe;Europe mÃ©ridionale;135;92;227
AgglomÃ©ration de Longueuil;Continent et rÃ©gion de naissance OcÃ©anie et autres pays;OcÃ©anie et autres pays;13;21;34
AgglomÃ©ration de Longueuil;Principaux pays de naissance_1re;Chine;1487;1502;2989
AgglomÃ©ration de Longueuil;Principaux pays de naissance_2Ã¨me;France;1105;1148;2253
AgglomÃ©ration de Longueuil;Principaux pays de naissance_3Ã¨me;Maroc;973;870;1843
AgglomÃ©ration de Longueuil;Principaux pays de naissance_4Ã¨me;Colombie;1032;568;1600
AgglomÃ©ration de Longueuil;Principaux pays de naissance_5Ã¨me;AlgÃ©rie;895;700;1595
AgglomÃ©ration de Longueuil;Principaux pays de naissance_6Ã¨me;Cameroun;621;910;1531
AgglomÃ©ration de Longueuil;Principaux pays de naissance_7Ã¨me;Iran;769;336;1105
AgglomÃ©ration de Longueuil;Principaux pays de naissance_8Ã¨me;HaÃ¯ti;753;332;1085
AgglomÃ©ration de Longueuil;Principaux pays de naissance_9Ã¨me;CÃ´te d'Ivoire;447;571;1018
AgglomÃ©ration de Longueuil;Principaux pays de naissance_10Ã¨me;Afghanistan;377;628;1005
MontÃ©rÃ©gie (excluant lâagglomÃ©ration de Longueuil);Groupe d'Ã¢ge ;0-14 ans;4092;2575;6667
MontÃ©rÃ©gie (excluant lâagglomÃ©ration de Longueuil);Groupe d'Ã¢ge ;15-24 ans;1263;1013;2276
MontÃ©rÃ©gie (excluant lâagglomÃ©ration de Longueuil);Groupe d'Ã¢ge ;25-34 ans;6291;3614;9905
MontÃ©rÃ©gie (excluant lâagglomÃ©ration de Longueuil);Groupe d'Ã¢ge ;35-44 ans;3198;2518;5716
MontÃ©rÃ©gie (excluant lâagglomÃ©ration de Longueuil);Groupe d'Ã¢ge ;45-64 ans ;845;1112;1957
MontÃ©rÃ©gie (excluant lâagglomÃ©ration de Longueuil);Groupe d'Ã¢ge ;65 ans et +;191;426;617
MontÃ©rÃ©gie (excluant lâagglomÃ©ration de Longueuil);Sexe;Femmes;8248;5969;14217
MontÃ©rÃ©gie (excluant lâagglomÃ©ration de Longueuil);Sexe;Hommes;7632;5289;12921
MontÃ©rÃ©gie (excluant lâagglomÃ©ration de Longueuil);CatÃ©gorie d'immigration;Immigration Ã©conomique;10643;5880;16523
MontÃ©rÃ©gie (excluant lâagglomÃ©ration de Longueuil);CatÃ©gorie d'immigration;Regroupement familial;3757;3669;7426
MontÃ©rÃ©gie (excluant lâagglomÃ©ration de Longueuil);CatÃ©gorie d'immigration;RÃ©fugiÃ©s et personnes en situation semblable;1321;1501;2822
MontÃ©rÃ©gie (excluant lâagglomÃ©ration de Longueuil);CatÃ©gorie d'immigration;Autres immigrants;159;208;367
MontÃ©rÃ©gie (excluant lâagglomÃ©ration de Longueuil);Connaissance du franÃ§ais et de l'anglais lors de l'admission;FranÃ§ais seulement;5026;3076;8102
MontÃ©rÃ©gie (excluant lâagglomÃ©ration de Longueuil);Connaissance du franÃ§ais et de l'anglais lors de l'admission;FranÃ§ais et anglais;5337;3229;8566
MontÃ©rÃ©gie (excluant lâagglomÃ©ration de Longueuil);Connaissance du franÃ§ais et de l'anglais lors de l'admission;Anglais seulement;2369;2692;5061
MontÃ©rÃ©gie (excluant lâagglomÃ©ration de Longueuil);Connaissance du franÃ§ais et de l'anglais lors de l'admission;Ni franÃ§ais ni anglais;3114;2020;5134
MontÃ©rÃ©gie (excluant lâagglomÃ©ration de Longueuil);Connaissance du franÃ§ais et de l'anglais lors de l'admission;Non disponible;34;241;275
MontÃ©rÃ©gie (excluant lâagglomÃ©ration de Longueuil);ScolaritÃ© des immigrants Ã¢gÃ©s de 15 ans et plus;0-6 annÃ©es;2425;1062;3487
MontÃ©rÃ©gie (excluant lâagglomÃ©ration de Longueuil);ScolaritÃ© des immigrants Ã¢gÃ©s de 15 ans et plus;7-11 annÃ©es;988;1080;2068
MontÃ©rÃ©gie (excluant lâagglomÃ©ration de Longueuil);ScolaritÃ© des immigrants Ã¢gÃ©s de 15 ans et plus;12-13 annÃ©es;1160;1030;2190
MontÃ©rÃ©gie (excluant lâagglomÃ©ration de Longueuil);ScolaritÃ© des immigrants Ã¢gÃ©s de 15 ans et plus;14-16 annÃ©es;3522;2553;6075
MontÃ©rÃ©gie (excluant lâagglomÃ©ration de Longueuil);ScolaritÃ© des immigrants Ã¢gÃ©s de 15 ans et plus;17 annÃ©es et +;3693;2956;6649
MontÃ©rÃ©gie (excluant lâagglomÃ©ration de Longueuil);ScolaritÃ© des immigrants Ã¢gÃ©s de 15 ans et plus;Information non disponible;0;2;2
MontÃ©rÃ©gie (excluant lâagglomÃ©ration de Longueuil);Nombre d'actifs;Nombre d'actifs;10491;7201;17692
MontÃ©rÃ©gie (excluant lâagglomÃ©ration de Longueuil);Nombre d'inactifs;Nombre d'inactifs;1297;1482;2779
MontÃ©rÃ©gie (excluant lâagglomÃ©ration de Longueuil);Continent et rÃ©gion de naissance Afrique;Afrique occidentale;1476;922;2398
MontÃ©rÃ©gie (excluant lâagglomÃ©ration de Longueuil);Continent et rÃ©gion de naissance Afrique;Afrique orientale;661;469;1130
MontÃ©rÃ©gie (excluant lâagglomÃ©ration de Longueuil);Continent et rÃ©gion de naissance Afrique;Afrique du Nord;2323;1231;3554
MontÃ©rÃ©gie (excluant lâagglomÃ©ration de Longueuil);Continent et rÃ©gion de naissance Afrique;Afrique centrale et mÃ©ridionale;1258;866;2124
MontÃ©rÃ©gie (excluant lâagglomÃ©ration de Longueuil);Continent et rÃ©gion de naissance AmÃ©rique;AmÃ©rique du Nord;234;220;454
MontÃ©rÃ©gie (excluant lâagglomÃ©ration de Longueuil);Continent et rÃ©gion de naissance AmÃ©rique;AmÃ©rique centrale;493;289;782
MontÃ©rÃ©gie (excluant lâagglomÃ©ration de Longueuil);Continent et rÃ©gion de naissance AmÃ©rique;AmÃ©rique du Sud;1780;1120;2900
MontÃ©rÃ©gie (excluant lâagglomÃ©ration de Longueuil);Continent et rÃ©gion de naissance AmÃ©rique;Antilles;1064;461;1525
MontÃ©rÃ©gie (excluant lâagglomÃ©ration de Longueuil);Continent et rÃ©gion de naissance Asie;Moyen-Orient;411;427;838
MontÃ©rÃ©gie (excluant lâagglomÃ©ration de Longueuil);Continent et rÃ©gion de naissance Asie;Asie occidentale et centrale;1092;633;1725
MontÃ©rÃ©gie (excluant lâagglomÃ©ration de Longueuil);Continent et rÃ©gion de naissance Asie;Asie orientale;743;984;1727
MontÃ©rÃ©gie (excluant lâagglomÃ©ration de Longueuil);Continent et rÃ©gion de naissance Asie;Asie mÃ©ridionale;537;1042;1579
MontÃ©rÃ©gie (excluant lâagglomÃ©ration de Longueuil);Continent et rÃ©gion de naissance Asie;Asie du Sud-Est;432;444;876
MontÃ©rÃ©gie (excluant lâagglomÃ©ration de Longueuil);Continent et rÃ©gion de naissance Europe;Europe occidentale et septentrionale;1447;1311;2758
MontÃ©rÃ©gie (excluant lâagglomÃ©ration de Longueuil);Continent et rÃ©gion de naissance Europe;Europe orientale;1781;690;2471
MontÃ©rÃ©gie (excluant lâagglomÃ©ration de Longueuil);Continent et rÃ©gion de naissance Europe;Europe mÃ©ridionale;130;128;258
MontÃ©rÃ©gie (excluant lâagglomÃ©ration de Longueuil);Continent et rÃ©gion de naissance OcÃ©anie et autres pays;OcÃ©anie et autres pays;18;21;39
MontÃ©rÃ©gie (excluant lâagglomÃ©ration de Longueuil);Principaux pays de naissance_1re;France;1150;1114;2264
MontÃ©rÃ©gie (excluant lâagglomÃ©ration de Longueuil);Principaux pays de naissance_2Ã¨me;Cameroun;979;580;1559
MontÃ©rÃ©gie (excluant lâagglomÃ©ration de Longueuil);Principaux pays de naissance_3Ã¨me;Chine;645;871;1516
MontÃ©rÃ©gie (excluant lâagglomÃ©ration de Longueuil);Principaux pays de naissance_4Ã¨me;Colombie;877;390;1267
MontÃ©rÃ©gie (excluant lâagglomÃ©ration de Longueuil);Principaux pays de naissance_5Ã¨me;AlgÃ©rie;786;368;1154
MontÃ©rÃ©gie (excluant lâagglomÃ©ration de Longueuil);Principaux pays de naissance_6Ã¨me;Inde;340;776;1116
MontÃ©rÃ©gie (excluant lâagglomÃ©ration de Longueuil);Principaux pays de naissance_7Ã¨me;Maroc;643;398;1041
MontÃ©rÃ©gie (excluant lâagglomÃ©ration de Longueuil);Principaux pays de naissance_8Ã¨me;CÃ´te d'Ivoire;607;417;1024
MontÃ©rÃ©gie (excluant lâagglomÃ©ration de Longueuil);Principaux pays de naissance_9Ã¨me;Iran;674;259;933
MontÃ©rÃ©gie (excluant lâagglomÃ©ration de Longueuil);Principaux pays de naissance_10Ã¨me;Moldavie;663;165;828
MontÃ©rÃ©gie (excluant lâagglomÃ©ration de Longueuil);MunicipalitÃ© rÃ©gionale de comtÃ© de rÃ©sidence;Acton;18;10;28
MontÃ©rÃ©gie (excluant lâagglomÃ©ration de Longueuil);MunicipalitÃ© rÃ©gionale de comtÃ© de rÃ©sidence;Beauharnois-Salaberry;468;560;1028
MontÃ©rÃ©gie (excluant lâagglomÃ©ration de Longueuil);MunicipalitÃ© rÃ©gionale de comtÃ© de rÃ©sidence;La VallÃ©e-du-Richelieu;1895;1212;3107
MontÃ©rÃ©gie (excluant lâagglomÃ©ration de Longueuil);MunicipalitÃ© rÃ©gionale de comtÃ© de rÃ©sidence;Le Haut-Richelieu;1001;1053;2054
MontÃ©rÃ©gie (excluant lâagglomÃ©ration de Longueuil);MunicipalitÃ© rÃ©gionale de comtÃ© de rÃ©sidence;Le Haut-Saint-Laurent;62;71;133
MontÃ©rÃ©gie (excluant lâagglomÃ©ration de Longueuil);MunicipalitÃ© rÃ©gionale de comtÃ© de rÃ©sidence;Les Jardins-de-Napierville;78;60;138
MontÃ©rÃ©gie (excluant lâagglomÃ©ration de Longueuil);MunicipalitÃ© rÃ©gionale de comtÃ© de rÃ©sidence;Les Maskoutains;1298;978;2276
MontÃ©rÃ©gie (excluant lâagglomÃ©ration de Longueuil);MunicipalitÃ© rÃ©gionale de comtÃ© de rÃ©sidence;Marguerite-D'Youville;1180;751;1931
MontÃ©rÃ©gie (excluant lâagglomÃ©ration de Longueuil);MunicipalitÃ© rÃ©gionale de comtÃ© de rÃ©sidence;Pierre-De Saurel;280;256;536
MontÃ©rÃ©gie (excluant lâagglomÃ©ration de Longueuil);MunicipalitÃ© rÃ©gionale de comtÃ© de rÃ©sidence;Roussillon;6178;3897;10075
MontÃ©rÃ©gie (excluant lâagglomÃ©ration de Longueuil);MunicipalitÃ© rÃ©gionale de comtÃ© de rÃ©sidence;Rouville;213;141;354
MontÃ©rÃ©gie (excluant lâagglomÃ©ration de Longueuil);MunicipalitÃ© rÃ©gionale de comtÃ© de rÃ©sidence;Vaudreuil-Soulanges;3209;2269;5478
Centre-du-QuÃ©bec;Groupe d'Ã¢ge ;0-14 ans;420;423;843
Centre-du-QuÃ©bec;Groupe d'Ã¢ge ;15-24 ans;172;166;338
Centre-du-QuÃ©bec;Groupe d'Ã¢ge ;25-34 ans;470;400;870
Centre-du-QuÃ©bec;Groupe d'Ã¢ge ;35-44 ans;241;267;508
Centre-du-QuÃ©bec;Groupe d'Ã¢ge ;45-64 ans ;91;102;193
Centre-du-QuÃ©bec;Groupe d'Ã¢ge ;65 ans et +;8;23;31
Centre-du-QuÃ©bec;Sexe;Femmes;721;709;1430
Centre-du-QuÃ©bec;Sexe;Hommes;681;672;1353
Centre-du-QuÃ©bec;CatÃ©gorie d'immigration;Immigration Ã©conomique;484;433;917
Centre-du-QuÃ©bec;CatÃ©gorie d'immigration;Regroupement familial;367;395;762
Centre-du-QuÃ©bec;CatÃ©gorie d'immigration;RÃ©fugiÃ©s et personnes en situation semblable;542;526;1068
Centre-du-QuÃ©bec;CatÃ©gorie d'immigration;Autres immigrants;9;27;36
Centre-du-QuÃ©bec;Connaissance du franÃ§ais et de l'anglais lors de l'admission;FranÃ§ais seulement;589;537;1126
Centre-du-QuÃ©bec;Connaissance du franÃ§ais et de l'anglais lors de l'admission;FranÃ§ais et anglais;262;273;535
Centre-du-QuÃ©bec;Connaissance du franÃ§ais et de l'anglais lors de l'admission;Anglais seulement;84;104;188
Centre-du-QuÃ©bec;Connaissance du franÃ§ais et de l'anglais lors de l'admission;Ni franÃ§ais ni anglais;446;393;839
Centre-du-QuÃ©bec;Connaissance du franÃ§ais et de l'anglais lors de l'admission;Non disponible;21;74;95
Centre-du-QuÃ©bec;ScolaritÃ© des immigrants Ã¢gÃ©s de 15 ans et plus;0-6 annÃ©es;294;230;524
Centre-du-QuÃ©bec;ScolaritÃ© des immigrants Ã¢gÃ©s de 15 ans et plus;7-11 annÃ©es;173;181;354
Centre-du-QuÃ©bec;ScolaritÃ© des immigrants Ã¢gÃ©s de 15 ans et plus;12-13 annÃ©es;135;135;270
Centre-du-QuÃ©bec;ScolaritÃ© des immigrants Ã¢gÃ©s de 15 ans et plus;14-16 annÃ©es;182;217;399
Centre-du-QuÃ©bec;ScolaritÃ© des immigrants Ã¢gÃ©s de 15 ans et plus;17 annÃ©es et +;198;195;393
Centre-du-QuÃ©bec;ScolaritÃ© des immigrants Ã¢gÃ©s de 15 ans et plus;Information non disponible;0;0;0
Centre-du-QuÃ©bec;Nombre d'actifs;Nombre d'actifs;841;808;1649
Centre-du-QuÃ©bec;Nombre d'inactifs;Nombre d'inactifs;141;150;291
Centre-du-QuÃ©bec;Continent et rÃ©gion de naissance Afrique;Afrique occidentale;187;141;328
Centre-du-QuÃ©bec;Continent et rÃ©gion de naissance Afrique;Afrique orientale;88;109;197
Centre-du-QuÃ©bec;Continent et rÃ©gion de naissance Afrique;Afrique du Nord;151;154;305
Centre-du-QuÃ©bec;Continent et rÃ©gion de naissance Afrique;Afrique centrale et mÃ©ridionale;244;242;486
Centre-du-QuÃ©bec;Continent et rÃ©gion de naissance AmÃ©rique;AmÃ©rique du Nord;11;23;34
Centre-du-QuÃ©bec;Continent et rÃ©gion de naissance AmÃ©rique;AmÃ©rique centrale;47;35;82
Centre-du-QuÃ©bec;Continent et rÃ©gion de naissance AmÃ©rique;AmÃ©rique du Sud;148;160;308
Centre-du-QuÃ©bec;Continent et rÃ©gion de naissance AmÃ©rique;Antilles;110;64;174
Centre-du-QuÃ©bec;Continent et rÃ©gion de naissance Asie;Moyen-Orient;147;155;302
Centre-du-QuÃ©bec;Continent et rÃ©gion de naissance Asie;Asie occidentale et centrale;21;10;31
Centre-du-QuÃ©bec;Continent et rÃ©gion de naissance Asie;Asie orientale;28;16;44
Centre-du-QuÃ©bec;Continent et rÃ©gion de naissance Asie;Asie mÃ©ridionale et du Sud-Est;32;29;61
Centre-du-QuÃ©bec;Continent et rÃ©gion de naissance Europe;Europe occidentale et septentrionale;152;216;368
Centre-du-QuÃ©bec;Continent et rÃ©gion de naissance Europe;Europe orientale;24;10;34
Centre-du-QuÃ©bec;Continent et rÃ©gion de naissance Europe;Europe mÃ©ridionale;10;14;24
Centre-du-QuÃ©bec;Continent et rÃ©gion de naissance OcÃ©anie et autres pays;OcÃ©anie et autres pays;2;3;5
Centre-du-QuÃ©bec;Principaux pays de naissance_1re;France;136;182;318
Centre-du-QuÃ©bec;Principaux pays de naissance_2Ã¨me;Syrie;132;123;255
Centre-du-QuÃ©bec;Principaux pays de naissance_3Ã¨me;Colombie;108;99;207
Centre-du-QuÃ©bec;Principaux pays de naissance_4Ã¨me;Cameroun;86;90;176
Centre-du-QuÃ©bec;Principaux pays de naissance_5Ã¨me;CÃ´te d'Ivoire;80;70;150
Centre-du-QuÃ©bec;Principaux pays de naissance_6Ã¨me;RÃ©p. dÃ©m. du Congo;95;51;146
Centre-du-QuÃ©bec;Principaux pays de naissance_7Ã¨me;Maroc;70;54;124
Centre-du-QuÃ©bec;Principaux pays de naissance_8Ã¨me;RÃ©p. centrafricaine;39;76;115
Centre-du-QuÃ©bec;Principaux pays de naissance_9Ã¨me;HaÃ¯ti;68;38;106
Centre-du-QuÃ©bec;Principaux pays de naissance_10Ã¨me;Tunisie;43;62;105
Centre-du-QuÃ©bec;MunicipalitÃ© rÃ©gionale de comtÃ© de rÃ©sidence;Arthabaska;361;371;732
Centre-du-QuÃ©bec;MunicipalitÃ© rÃ©gionale de comtÃ© de rÃ©sidence;BÃ©cancour;73;69;142
Centre-du-QuÃ©bec;MunicipalitÃ© rÃ©gionale de comtÃ© de rÃ©sidence;Drummond;883;871;1754
Centre-du-QuÃ©bec;MunicipalitÃ© rÃ©gionale de comtÃ© de rÃ©sidence;L'Ãrable;34;43;77
Centre-du-QuÃ©bec;MunicipalitÃ© rÃ©gionale de comtÃ© de rÃ©sidence;Nicolet-Yamaska;51;27;78
