NUMEROTATION,CODE_ETAB,NOM_CTRE_HOSPIT,SOINS_COURTE_DUREE,SOINS_CHIRURGIE_UN_JOUR,SOINS_POST-MORTEM,TOTAL,TITRE_RAPPORT,PERIODE,DATE_PRODUCTION
1,51218352,CENTRE HOSPITALIER REGIONAL DU GRAND-PORTAGE,5527,2822,0,8349,Titre du rapport « S07-Nombre de départs par centre hospitalier »,Entre 2018/04/01 et 2019/03/31, 2019-09-05
2,51218980,HOPITAL DE MATANE,2383,631,0,3014,Titre du rapport « S07-Nombre de départs par centre hospitalier »,Entre 2018/04/01 et 2019/03/31, 2019-09-05
3,51221141,HOPITAL NOTRE-DAME-DE-FATIMA,1462,207,0,1669,Titre du rapport « S07-Nombre de départs par centre hospitalier »,Entre 2018/04/01 et 2019/03/31, 2019-09-05
4,51221877,HOPITAL DE NOTRE-DAME-DU-LAC,1488,267,0,1755,Titre du rapport « S07-Nombre de départs par centre hospitalier »,Entre 2018/04/01 et 2019/03/31, 2019-09-05
5,51226892,HOPITAL D'AMQUI,1623,253,0,1876,Titre du rapport « S07-Nombre de départs par centre hospitalier »,Entre 2018/04/01 et 2019/03/31, 2019-09-05
6,51227882,HOPITAL REGIONAL DE RIMOUSKI,10104,6520,0,16624,Titre du rapport « S07-Nombre de départs par centre hospitalier »,Entre 2018/04/01 et 2019/03/31, 2019-09-05
7,,Total     11045119 CISSS DU BAS-SAINT-LAURENT,22587,10700,0,33287,Titre du rapport « S07-Nombre de départs par centre hospitalier »,Entre 2018/04/01 et 2019/03/31, 2019-09-05
8,,TOTAL 01 Bas-Saint-Laurent,22587,10700,0,33287,Titre du rapport « S07-Nombre de départs par centre hospitalier »,Entre 2018/04/01 et 2019/03/31, 2019-09-05
9,51218394,HOPITAL DE CHICOUTIMI,16948,8399,10,25357,Titre du rapport « S07-Nombre de départs par centre hospitalier »,Entre 2018/04/01 et 2019/03/31, 2019-09-05
10,51219384,HOPITAL DE DOLBEAU-MISTASSINI,2213,343,0,2556,Titre du rapport « S07-Nombre de départs par centre hospitalier »,Entre 2018/04/01 et 2019/03/31, 2019-09-05
11,51219400,HOPITAL D'ALMA,5272,2629,0,7901,Titre du rapport « S07-Nombre de départs par centre hospitalier »,Entre 2018/04/01 et 2019/03/31, 2019-09-05
12,51221364,HOPITAL DE LA BAIE,907,0,0,907,Titre du rapport « S07-Nombre de départs par centre hospitalier »,Entre 2018/04/01 et 2019/03/31, 2019-09-05
13,51224541,HOPITAL ET CENTRE DE READAPTATION DE JONQUIERE,3296,1320,0,4616,Titre du rapport « S07-Nombre de départs par centre hospitalier »,Entre 2018/04/01 et 2019/03/31, 2019-09-05
14,51228203,HOPITAL CLSC CTRE HEBERGEMENT ROBERVAL,5227,3217,0,8444,Titre du rapport « S07-Nombre de départs par centre hospitalier »,Entre 2018/04/01 et 2019/03/31, 2019-09-05
15,,Total     11045127 CIUSSS DU SAGUENAY-LAC-SAINT-JEAN,33863,15908,10,49781,Titre du rapport « S07-Nombre de départs par centre hospitalier »,Entre 2018/04/01 et 2019/03/31, 2019-09-05
16,,TOTAL 02 Saguenay-Lac-Saint-Jean,33863,15908,10,49781,Titre du rapport « S07-Nombre de départs par centre hospitalier »,Entre 2018/04/01 et 2019/03/31, 2019-09-05
17,51217529,HOPITAL DU SAINT-SACREMENT,4824,15300,0,20124,Titre du rapport « S07-Nombre de départs par centre hospitalier »,Entre 2018/04/01 et 2019/03/31, 2019-09-05
18,51217586,PAVILLON L'HOTEL-DIEU DE QUEBEC,9410,3676,19,13105,Titre du rapport « S07-Nombre de départs par centre hospitalier »,Entre 2018/04/01 et 2019/03/31, 2019-09-05
19,51217594,PAVILLON C.H. DE L'UNIVERSITE LAVAL,23472,6432,0,29904,Titre du rapport « S07-Nombre de départs par centre hospitalier »,Entre 2018/04/01 et 2019/03/31, 2019-09-05
20,51217602,PAVILLON SAINT-FRANCOIS D'ASSISE,17217,5637,0,22854,Titre du rapport « S07-Nombre de départs par centre hospitalier »,Entre 2018/04/01 et 2019/03/31, 2019-09-05
21,51233914,HOPITAL DE L'ENFANT-JESUS,14196,5091,0,19287,Titre du rapport « S07-Nombre de départs par centre hospitalier »,Entre 2018/04/01 et 2019/03/31, 2019-09-05
22,,Total     11045051 CHU DE QUEBEC - UNIVERSITE LAVAL,69119,36136,19,105274,Titre du rapport « S07-Nombre de départs par centre hospitalier »,Entre 2018/04/01 et 2019/03/31, 2019-09-05
23,51223196,HOP. REGIONAL DE PORTNEUF CLSC ST-RAYMOND,146,0,0,146,Titre du rapport « S07-Nombre de départs par centre hospitalier »,Entre 2018/04/01 et 2019/03/31, 2019-09-05
24,51225001,HOPITAL CHAUVEAU,166,0,0,166,Titre du rapport « S07-Nombre de départs par centre hospitalier »,Entre 2018/04/01 et 2019/03/31, 2019-09-05
25,51225357,HOPITAL DE SAINTE-ANNE-DE-BEAUPRE,108,0,0,108,Titre du rapport « S07-Nombre de départs par centre hospitalier »,Entre 2018/04/01 et 2019/03/31, 2019-09-05
26,51228690,HOPITAL DE LA MALBAIE,1158,693,0,1851,Titre du rapport « S07-Nombre de départs par centre hospitalier »,Entre 2018/04/01 et 2019/03/31, 2019-09-05
27,51228716,HOPITAL DE BAIE-SAINT-PAUL,865,818,0,1683,Titre du rapport « S07-Nombre de départs par centre hospitalier »,Entre 2018/04/01 et 2019/03/31, 2019-09-05
28,51229581,CENTRE DE PEDOPSYCHIATRIE,298,0,0,298,Titre du rapport « S07-Nombre de départs par centre hospitalier »,Entre 2018/04/01 et 2019/03/31, 2019-09-05
29,51231330,HOPITAL JEFFERY HALE,243,0,0,243,Titre du rapport « S07-Nombre de départs par centre hospitalier »,Entre 2018/04/01 et 2019/03/31, 2019-09-05
30,51232189,INSTITUT UNIV.EN SANTE MENTALE DE QUEBEC,2483,941,0,3424,Titre du rapport « S07-Nombre de départs par centre hospitalier »,Entre 2018/04/01 et 2019/03/31, 2019-09-05
31,,Total     11045135 CIUSSS DE LA CAPITALE-NATIONALE,5467,2452,0,7919,Titre du rapport « S07-Nombre de départs par centre hospitalier »,Entre 2018/04/01 et 2019/03/31, 2019-09-05
32,51232130,INST.UNIV. DE CARDIOLOGIE ET DE PNEUMOLOGIE DE QC,16300,195,0,16495,Titre du rapport « S07-Nombre de départs par centre hospitalier »,Entre 2018/04/01 et 2019/03/31, 2019-09-05
33,,Total     51232130 INST.UNIV. DE CARDIOLOGIE ET DE PNEUMOLOGIE DE QC,16300,195,0,16495,Titre du rapport « S07-Nombre de départs par centre hospitalier »,Entre 2018/04/01 et 2019/03/31, 2019-09-05
34,,TOTAL 03 Capitale-Nationale,90886,38783,19,129688,Titre du rapport « S07-Nombre de départs par centre hospitalier »,Entre 2018/04/01 et 2019/03/31, 2019-09-05
35,51219541,CLSC  CENTRE D'HEBERG. ET HOP. CLOUTIER DU RIVAGE,251,0,0,251,Titre du rapport « S07-Nombre de départs par centre hospitalier »,Entre 2018/04/01 et 2019/03/31, 2019-09-05
36,51219731,CSSS DU HAUT-SAINT-MAURICE,1119,143,0,1262,Titre du rapport « S07-Nombre de départs par centre hospitalier »,Entre 2018/04/01 et 2019/03/31, 2019-09-05
37,51220051,HOPITAL DU CENTRE-DE-LA-MAURICIE,7829,3798,0,11627,Titre du rapport « S07-Nombre de départs par centre hospitalier »,Entre 2018/04/01 et 2019/03/31, 2019-09-05
38,51220069,CENTRE REGIONAL DE SANTE MENTALE,128,1,0,129,Titre du rapport « S07-Nombre de départs par centre hospitalier »,Entre 2018/04/01 et 2019/03/31, 2019-09-05
39,51220168,PAVILLON SAINTE-MARIE,22533,9832,0,32365,Titre du rapport « S07-Nombre de départs par centre hospitalier »,Entre 2018/04/01 et 2019/03/31, 2019-09-05
40,51220523,CENTRE MULTI. SSS CHRIST-ROI,166,0,0,166,Titre du rapport « S07-Nombre de départs par centre hospitalier »,Entre 2018/04/01 et 2019/03/31, 2019-09-05
41,51228039,HOTEL-DIEU D'ARTHABASKA,9799,6398,0,16197,Titre du rapport « S07-Nombre de départs par centre hospitalier »,Entre 2018/04/01 et 2019/03/31, 2019-09-05
42,51228781,HOPITAL SAINTE-CROIX,11581,5114,0,16695,Titre du rapport « S07-Nombre de départs par centre hospitalier »,Entre 2018/04/01 et 2019/03/31, 2019-09-05
43,51233583,CENTRE MULTI. SSS AVELLIN-DALCOURT,261,0,0,261,Titre du rapport « S07-Nombre de départs par centre hospitalier »,Entre 2018/04/01 et 2019/03/31, 2019-09-05
44,,Total     11045143 CIUSSS DE LA MAURICIE-ET-DU-CENTRE-DU-QUEBEC,53667,25286,0,78953,Titre du rapport « S07-Nombre de départs par centre hospitalier »,Entre 2018/04/01 et 2019/03/31, 2019-09-05
45,,TOTAL 04 Mauricie et Centre-du-Québec,53667,25286,0,78953,Titre du rapport « S07-Nombre de départs par centre hospitalier »,Entre 2018/04/01 et 2019/03/31, 2019-09-05
46,51216687,HOPITAL FLEURIMONT,22262,4648,0,26910,Titre du rapport « S07-Nombre de départs par centre hospitalier »,Entre 2018/04/01 et 2019/03/31, 2019-09-05
47,51216695,HOTEL-DIEU DE SHERBROOKE,10813,8550,0,19363,Titre du rapport « S07-Nombre de départs par centre hospitalier »,Entre 2018/04/01 et 2019/03/31, 2019-09-05
48,51217974,HOPITAL ET CENTRE D'HEBERGEMENT D'YOUVILLE,179,0,0,179,Titre du rapport « S07-Nombre de départs par centre hospitalier »,Entre 2018/04/01 et 2019/03/31, 2019-09-05
49,51219046,CSSS DE MEMPHREMAGOG,1472,2226,0,3698,Titre du rapport « S07-Nombre de départs par centre hospitalier »,Entre 2018/04/01 et 2019/03/31, 2019-09-05
50,51219293,HOPITAL CLSC ET CENTRE D'HEBERGEMENT D'ASBESTOS,516,0,0,516,Titre du rapport « S07-Nombre de départs par centre hospitalier »,Entre 2018/04/01 et 2019/03/31, 2019-09-05
51,51219350,CSSS DE LA MRC-DE-COATICOOK,45,0,0,45,Titre du rapport « S07-Nombre de départs par centre hospitalier »,Entre 2018/04/01 et 2019/03/31, 2019-09-05
52,51223832,CSSS DU GRANIT,1528,1008,0,2536,Titre du rapport « S07-Nombre de départs par centre hospitalier »,Entre 2018/04/01 et 2019/03/31, 2019-09-05
53,51227536,HOPITAL ET CENTRE D'HEBERGEMENT ARGYLL,412,0,0,412,Titre du rapport « S07-Nombre de départs par centre hospitalier »,Entre 2018/04/01 et 2019/03/31, 2019-09-05
54,51228120,HOPITAL DE GRANBY,7738,5179,0,12917,Titre du rapport « S07-Nombre de départs par centre hospitalier »,Entre 2018/04/01 et 2019/03/31, 2019-09-05
55,51229185,HOPITAL BROME-MISSISQUOI-PERKINS,5785,3319,0,9104,Titre du rapport « S07-Nombre de départs par centre hospitalier »,Entre 2018/04/01 et 2019/03/31, 2019-09-05
56,,Total     11045150 CIUSSS DE L'ESTRIE-CENTRE HOSP. UNIV. DE SHERBROOKE,50750,24930,0,75680,Titre du rapport « S07-Nombre de départs par centre hospitalier »,Entre 2018/04/01 et 2019/03/31, 2019-09-05
57,,TOTAL 05 Estrie,50750,24930,0,75680,Titre du rapport « S07-Nombre de départs par centre hospitalier »,Entre 2018/04/01 et 2019/03/31, 2019-09-05
58,51236297,CENTRE HOSPITALIER DE L'UNIVERSITE DE MONTREAL,30841,14797,21,45659,Titre du rapport « S07-Nombre de départs par centre hospitalier »,Entre 2018/04/01 et 2019/03/31, 2019-09-05
59,,Total     11042918 CENTRE HOSPITALIER DE L'UNIVERSITE DE MONTREAL,30841,14797,21,45659,Titre du rapport « S07-Nombre de départs par centre hospitalier »,Entre 2018/04/01 et 2019/03/31, 2019-09-05
60,12745725,CENTRE HOSPITALIER DE ST. MARY,15170,8840,0,24010,Titre du rapport « S07-Nombre de départs par centre hospitalier »,Entre 2018/04/01 et 2019/03/31, 2019-09-05
61,51224392,HOPITAL DE LASALLE,9403,3336,0,12739,Titre du rapport « S07-Nombre de départs par centre hospitalier »,Entre 2018/04/01 et 2019/03/31, 2019-09-05
62,51228278,HOPITAL GENERAL DU LAKESHORE,12233,5201,0,17434,Titre du rapport « S07-Nombre de départs par centre hospitalier »,Entre 2018/04/01 et 2019/03/31, 2019-09-05
63,51235190,HOPITAL DOUGLAS,2115,0,0,2115,Titre du rapport « S07-Nombre de départs par centre hospitalier »,Entre 2018/04/01 et 2019/03/31, 2019-09-05
64,,Total     11045168 CIUSSS DE L'OUEST-DE-L'ILE-DE-MONTREAL,38921,17377,0,56298,Titre du rapport « S07-Nombre de départs par centre hospitalier »,Entre 2018/04/01 et 2019/03/31, 2019-09-05
65,12685608,HOPITAL GENERAL JUIF,24291,7291,0,31582,Titre du rapport « S07-Nombre de départs par centre hospitalier »,Entre 2018/04/01 et 2019/03/31, 2019-09-05
66,13469796,HOPITAL MONT-SINAI,614,0,0,614,Titre du rapport « S07-Nombre de départs par centre hospitalier »,Entre 2018/04/01 et 2019/03/31, 2019-09-05
67,51228401,HOPITAL RICHARDSON,560,0,0,560,Titre du rapport « S07-Nombre de départs par centre hospitalier »,Entre 2018/04/01 et 2019/03/31, 2019-09-05
68,51234235,HOPITAL CATHERINE-BOOTH,782,0,0,782,Titre du rapport « S07-Nombre de départs par centre hospitalier »,Entre 2018/04/01 et 2019/03/31, 2019-09-05
69,,Total     11045176 CIUSSS DU CENTRE-OUEST-DE-L'ILE-DE-MONTREAL,26247,7291,0,33538,Titre du rapport « S07-Nombre de départs par centre hospitalier »,Entre 2018/04/01 et 2019/03/31, 2019-09-05
70,15103666,INSTITUT UNIVERSITAIRE DE GERIATRIE DE MONTREAL,578,0,0,578,Titre du rapport « S07-Nombre de départs par centre hospitalier »,Entre 2018/04/01 et 2019/03/31, 2019-09-05
71,51218030,CENTRE D'HEBERGEMENT CHAMPLAIN,401,0,0,401,Titre du rapport « S07-Nombre de départs par centre hospitalier »,Entre 2018/04/01 et 2019/03/31, 2019-09-05
72,51218097,HOPITAL DE VERDUN,9386,5704,0,15090,Titre du rapport « S07-Nombre de départs par centre hospitalier »,Entre 2018/04/01 et 2019/03/31, 2019-09-05
73,51220283,CENTRE D'HEBERGEMENT DU MANOIR-DE-L'AGE-D'OR,119,0,0,119,Titre du rapport « S07-Nombre de départs par centre hospitalier »,Entre 2018/04/01 et 2019/03/31, 2019-09-05
74,51232007,L'HOPITAL DE READAPTATION LINDSAY,488,0,0,488,Titre du rapport « S07-Nombre de départs par centre hospitalier »,Entre 2018/04/01 et 2019/03/31, 2019-09-05
75,51232015,INSTITUT DE READAPTATION DE MONTREAL,566,0,0,566,Titre du rapport « S07-Nombre de départs par centre hospitalier »,Entre 2018/04/01 et 2019/03/31, 2019-09-05
76,51236313,HOPITAL NOTRE-DAME,7978,3431,0,11409,Titre du rapport « S07-Nombre de départs par centre hospitalier »,Entre 2018/04/01 et 2019/03/31, 2019-09-05
77,,Total     11045184 CIUSSS DU CENTRE-SUD-DE-L'ILE-DE-MONTREAL,19516,9135,0,28651,Titre du rapport « S07-Nombre de départs par centre hospitalier »,Entre 2018/04/01 et 2019/03/31, 2019-09-05
78,12475976,HOPITAL DU SACRE-COEUR DE MONTREAL,20909,3598,38,24545,Titre du rapport « S07-Nombre de départs par centre hospitalier »,Entre 2018/04/01 et 2019/03/31, 2019-09-05
79,51228443,CENTRE D'HEBERGEMENT NOTRE-DAME-DE-LA-MERCI,501,0,0,501,Titre du rapport « S07-Nombre de départs par centre hospitalier »,Entre 2018/04/01 et 2019/03/31, 2019-09-05
80,51228492,HOPITAL FLEURY,4372,5664,0,10036,Titre du rapport « S07-Nombre de départs par centre hospitalier »,Entre 2018/04/01 et 2019/03/31, 2019-09-05
81,51228500,HOPITAL JEAN-TALON,5925,3740,0,9665,Titre du rapport « S07-Nombre de départs par centre hospitalier »,Entre 2018/04/01 et 2019/03/31, 2019-09-05
82,51234938,HOPITAL EN SANTE MENTALE DE RIVIERE-DES-PRAIRIES,715,0,0,715,Titre du rapport « S07-Nombre de départs par centre hospitalier »,Entre 2018/04/01 et 2019/03/31, 2019-09-05
83,,Total     11045192 CIUSSS DU NORD-DE-L'ILE-DE-MONTREAL,32422,13002,38,45462,Titre du rapport « S07-Nombre de départs par centre hospitalier »,Entre 2018/04/01 et 2019/03/31, 2019-09-05
84,12934659,PAV. MAISONNEUVE/PAV. MARCEL-LAMOUREUX,27919,16276,3,44198,Titre du rapport « S07-Nombre de départs par centre hospitalier »,Entre 2018/04/01 et 2019/03/31, 2019-09-05
85,51221828,CENTRE D'HEBERGEMENT J.-HENRI-CHARBONNEAU,295,0,0,295,Titre du rapport « S07-Nombre de départs par centre hospitalier »,Entre 2018/04/01 et 2019/03/31, 2019-09-05
86,51235307,HOPITAL DE SOINS PSYCHIATRIQUES DE L'EST-DE-MTL,1904,65,0,1969,Titre du rapport « S07-Nombre de départs par centre hospitalier »,Entre 2018/04/01 et 2019/03/31, 2019-09-05
87,51235919,HOPITAL SANTA CABRINI,8826,7795,0,16621,Titre du rapport « S07-Nombre de départs par centre hospitalier »,Entre 2018/04/01 et 2019/03/31, 2019-09-05
88,,Total     11045200 CIUSSS DE L'EST-DE-L'ILE-DE-MONTREAL,38944,24136,3,63083,Titre du rapport « S07-Nombre de départs par centre hospitalier »,Entre 2018/04/01 et 2019/03/31, 2019-09-05
89,12431656,INSTITUT DE CARDIOLOGIE DE MONTREAL,8947,27,0,8974,Titre du rapport « S07-Nombre de départs par centre hospitalier »,Entre 2018/04/01 et 2019/03/31, 2019-09-05
90,,Total     12431656 INSTITUT DE CARDIOLOGIE DE MONTREAL,8947,27,0,8974,Titre du rapport « S07-Nombre de départs par centre hospitalier »,Entre 2018/04/01 et 2019/03/31, 2019-09-05
91,12452645,HOPITAL MARIE CLARAC,2030,0,0,2030,Titre du rapport « S07-Nombre de départs par centre hospitalier »,Entre 2018/04/01 et 2019/03/31, 2019-09-05
92,,Total     12452645 HOPITAL MARIE CLARAC,2030,0,0,2030,Titre du rapport « S07-Nombre de départs par centre hospitalier »,Entre 2018/04/01 et 2019/03/31, 2019-09-05
93,12599213,HOPITAL GENERAL DE MONTREAL,9686,5934,0,15620,Titre du rapport « S07-Nombre de départs par centre hospitalier »,Entre 2018/04/01 et 2019/03/31, 2019-09-05
94,51223279,L'HOPITAL DE MONTREAL POUR ENFANTS,6116,5555,0,11671,Titre du rapport « S07-Nombre de départs par centre hospitalier »,Entre 2018/04/01 et 2019/03/31, 2019-09-05
95,51223287,HOPITAL NEUROLOGIQUE DE MONTREAL,2471,449,0,2920,Titre du rapport « S07-Nombre de départs par centre hospitalier »,Entre 2018/04/01 et 2019/03/31, 2019-09-05
96,51223295,HOPITAL ROYAL VICTORIA,17768,4001,11,21780,Titre du rapport « S07-Nombre de départs par centre hospitalier »,Entre 2018/04/01 et 2019/03/31, 2019-09-05
97,51228310,HOPITAL DE LACHINE,2121,5500,0,7621,Titre du rapport « S07-Nombre de départs par centre hospitalier »,Entre 2018/04/01 et 2019/03/31, 2019-09-05
98,,Total     12599213 CENTRE UNIVERSITAIRE DE SANTE MCGILL,38162,21439,11,59612,Titre du rapport « S07-Nombre de départs par centre hospitalier »,Entre 2018/04/01 et 2019/03/31, 2019-09-05
99,12797577,INSTITUT PHILIPPE-PINEL DE MONTREAL,662,0,0,662,Titre du rapport « S07-Nombre de départs par centre hospitalier »,Entre 2018/04/01 et 2019/03/31, 2019-09-05
100,,Total     12797577 INSTITUT NATIONAL PSYCH. LEGALE PHILIPPE-PINEL,662,0,0,662,Titre du rapport « S07-Nombre de départs par centre hospitalier »,Entre 2018/04/01 et 2019/03/31, 2019-09-05
101,29732187,VILLA MEDICA,1044,0,0,1044,Titre du rapport « S07-Nombre de départs par centre hospitalier »,Entre 2018/04/01 et 2019/03/31, 2019-09-05
102,,Total     29732187 VILLA MEDICA,1044,0,0,1044,Titre du rapport « S07-Nombre de départs par centre hospitalier »,Entre 2018/04/01 et 2019/03/31, 2019-09-05
103,51222800,CHU SAINTE-JUSTINE,18235,5458,0,23693,Titre du rapport « S07-Nombre de départs par centre hospitalier »,Entre 2018/04/01 et 2019/03/31, 2019-09-05
104,,Total     51222800 CHU SAINTE-JUSTINE,18235,5458,0,23693,Titre du rapport « S07-Nombre de départs par centre hospitalier »,Entre 2018/04/01 et 2019/03/31, 2019-09-05
105,51235703,HOPITAL SHRINERS POUR ENFANTS (QUEBEC),754,679,0,1433,Titre du rapport « S07-Nombre de départs par centre hospitalier »,Entre 2018/04/01 et 2019/03/31, 2019-09-05
106,,Total     51235703 HOPITAL SHRINERS POUR ENFANTS (QUEBEC),754,679,0,1433,Titre du rapport « S07-Nombre de départs par centre hospitalier »,Entre 2018/04/01 et 2019/03/31, 2019-09-05
107,,TOTAL 06 Montréal,256725,113341,73,370139,Titre du rapport « S07-Nombre de départs par centre hospitalier »,Entre 2018/04/01 et 2019/03/31, 2019-09-05
108,51219459,HOPITAL DU PONTIAC,1400,657,0,2057,Titre du rapport « S07-Nombre de départs par centre hospitalier »,Entre 2018/04/01 et 2019/03/31, 2019-09-05
109,51221703,HOPITAL DE GATINEAU,13428,7299,0,20727,Titre du rapport « S07-Nombre de départs par centre hospitalier »,Entre 2018/04/01 et 2019/03/31, 2019-09-05
110,51221711,HOPITAL DE HULL,7778,3562,0,11340,Titre du rapport « S07-Nombre de départs par centre hospitalier »,Entre 2018/04/01 et 2019/03/31, 2019-09-05
111,51221893,HOPITAL DE MANIWAKI,1886,418,0,2304,Titre du rapport « S07-Nombre de départs par centre hospitalier »,Entre 2018/04/01 et 2019/03/31, 2019-09-05
112,51228799,HOPITAL MEMORIAL DE WAKEFIELD/WAKEFIELD MEM. HOSPITAL,421,0,0,421,Titre du rapport « S07-Nombre de départs par centre hospitalier »,Entre 2018/04/01 et 2019/03/31, 2019-09-05
113,51228823,HOPITAL DE PAPINEAU,2423,3460,0,5883,Titre du rapport « S07-Nombre de départs par centre hospitalier »,Entre 2018/04/01 et 2019/03/31, 2019-09-05
114,51233989,HOPITAL EN SANTE MENTALE PIERRE-JANET,550,0,0,550,Titre du rapport « S07-Nombre de départs par centre hospitalier »,Entre 2018/04/01 et 2019/03/31, 2019-09-05
115,,Total     11045218 CISSS DE L'OUTAOUAIS,27886,15396,0,43282,Titre du rapport « S07-Nombre de départs par centre hospitalier »,Entre 2018/04/01 et 2019/03/31, 2019-09-05
116,,TOTAL 07 Outaouais,27886,15396,0,43282,Titre du rapport « S07-Nombre de départs par centre hospitalier »,Entre 2018/04/01 et 2019/03/31, 2019-09-05
117,51218840,PAVILLON SAINTE-FAMILLE,1172,119,0,1291,Titre du rapport « S07-Nombre de départs par centre hospitalier »,Entre 2018/04/01 et 2019/03/31, 2019-09-05
118,51219640,CLSC DE SENNETERRE,108,0,0,108,Titre du rapport « S07-Nombre de départs par centre hospitalier »,Entre 2018/04/01 et 2019/03/31, 2019-09-05
119,51221083,CENTRE DE SOINS DE COURTE DUREE LA SARRE,2077,878,0,2955,Titre du rapport « S07-Nombre de départs par centre hospitalier »,Entre 2018/04/01 et 2019/03/31, 2019-09-05
120,51225589,HOPITAL ET CRD DE VAL-D'OR,4234,1865,0,6099,Titre du rapport « S07-Nombre de départs par centre hospitalier »,Entre 2018/04/01 et 2019/03/31, 2019-09-05
121,51225597,HOPITAL PSYCHIATRIQUE DE MALARTIC,227,0,0,227,Titre du rapport « S07-Nombre de départs par centre hospitalier »,Entre 2018/04/01 et 2019/03/31, 2019-09-05
122,51228906,HOPITAL D'AMOS,3947,2745,0,6692,Titre du rapport « S07-Nombre de départs par centre hospitalier »,Entre 2018/04/01 et 2019/03/31, 2019-09-05
123,51228922,HOPITAL DE ROUYN-NORANDA,4365,2705,0,7070,Titre du rapport « S07-Nombre de départs par centre hospitalier »,Entre 2018/04/01 et 2019/03/31, 2019-09-05
124,51233609,CSSS DE TEMISCAMING-ET-DE-KIPAWA,109,0,0,109,Titre du rapport « S07-Nombre de départs par centre hospitalier »,Entre 2018/04/01 et 2019/03/31, 2019-09-05
125,,Total     11045226 CISSS DE L'ABITIBI-TEMISCAMINGUE,16239,8312,0,24551,Titre du rapport « S07-Nombre de départs par centre hospitalier »,Entre 2018/04/01 et 2019/03/31, 2019-09-05
126,,TOTAL 08 Abitibi-Témiscamingue,16239,8312,0,24551,Titre du rapport « S07-Nombre de départs par centre hospitalier »,Entre 2018/04/01 et 2019/03/31, 2019-09-05
127,14628986,CSSS DE L'HEMATITE,339,0,0,339,Titre du rapport « S07-Nombre de départs par centre hospitalier »,Entre 2018/04/01 et 2019/03/31, 2019-09-05
128,51218733,CSSS DE LA HAUTE-COTE-NORD (PAVILLON ESCOUMINS),415,0,0,415,Titre du rapport « S07-Nombre de départs par centre hospitalier »,Entre 2018/04/01 et 2019/03/31, 2019-09-05
129,51219004,CENTRE MULTI. SSS DE LA MINGANIE,736,0,0,736,Titre du rapport « S07-Nombre de départs par centre hospitalier »,Entre 2018/04/01 et 2019/03/31, 2019-09-05
130,51228765,HOPITAL LE ROYER,3662,1992,0,5654,Titre du rapport « S07-Nombre de départs par centre hospitalier »,Entre 2018/04/01 et 2019/03/31, 2019-09-05
131,51232023,HOPITAL ET CENTRE D'HEBERGEMENT DE SEPT-ILES,3733,2353,0,6086,Titre du rapport « S07-Nombre de départs par centre hospitalier »,Entre 2018/04/01 et 2019/03/31, 2019-09-05
132,51234508,CSSS DE LA BASSE-COTE-NORD,499,7,0,506,Titre du rapport « S07-Nombre de départs par centre hospitalier »,Entre 2018/04/01 et 2019/03/31, 2019-09-05
133,,Total     11045234 CISSS DE LA COTE-NORD,9384,4352,0,13736,Titre du rapport « S07-Nombre de départs par centre hospitalier »,Entre 2018/04/01 et 2019/03/31, 2019-09-05
134,,TOTAL 09 Côte-Nord,9384,4352,0,13736,Titre du rapport « S07-Nombre de départs par centre hospitalier »,Entre 2018/04/01 et 2019/03/31, 2019-09-05
135,51218501,CENTRE DE SANTE DE CHIBOUGAMAU,1257,440,0,1697,Titre du rapport « S07-Nombre de départs par centre hospitalier »,Entre 2018/04/01 et 2019/03/31, 2019-09-05
136,51218527,CENTRE DE SANTE LEBEL,182,0,0,182,Titre du rapport « S07-Nombre de départs par centre hospitalier »,Entre 2018/04/01 et 2019/03/31, 2019-09-05
137,51218535,CENTRE DE SANTE ISLE-DIEU,107,0,0,107,Titre du rapport « S07-Nombre de départs par centre hospitalier »,Entre 2018/04/01 et 2019/03/31, 2019-09-05
138,,Total     11042686 CENTRE REG. DE SANTE ET DE SERV. SOC. DE LA BAIE-JA,1546,440,0,1986,Titre du rapport « S07-Nombre de départs par centre hospitalier »,Entre 2018/04/01 et 2019/03/31, 2019-09-05
139,,TOTAL 10 Nord-du-Québec,1546,440,0,1986,Titre du rapport « S07-Nombre de départs par centre hospitalier »,Entre 2018/04/01 et 2019/03/31, 2019-09-05
140,51227783,HOPITAL DE L'ARCHIPEL,1314,709,0,2023,Titre du rapport « S07-Nombre de départs par centre hospitalier »,Entre 2018/04/01 et 2019/03/31, 2019-09-05
141,,Total     11044088 CISSS DES ILES,1314,709,0,2023,Titre du rapport « S07-Nombre de départs par centre hospitalier »,Entre 2018/04/01 et 2019/03/31, 2019-09-05
142,51220895,CENTRE D'HEBERGEMENT MGR-ROSS DE GASPE,109,0,0,109,Titre du rapport « S07-Nombre de départs par centre hospitalier »,Entre 2018/04/01 et 2019/03/31, 2019-09-05
143,51220903,HOPITAL DE GASPE,1998,1323,0,3321,Titre du rapport « S07-Nombre de départs par centre hospitalier »,Entre 2018/04/01 et 2019/03/31, 2019-09-05
144,51221539,HOPITAL DE SAINTE-ANNE-DES-MONTS,1306,207,0,1513,Titre du rapport « S07-Nombre de départs par centre hospitalier »,Entre 2018/04/01 et 2019/03/31, 2019-09-05
145,51227775,HOPITAL DE CHANDLER,2299,396,0,2695,Titre du rapport « S07-Nombre de départs par centre hospitalier »,Entre 2018/04/01 et 2019/03/31, 2019-09-05
146,51227908,HOPITAL DE MARIA,3304,1882,0,5186,Titre du rapport « S07-Nombre de départs par centre hospitalier »,Entre 2018/04/01 et 2019/03/31, 2019-09-05
147,,Total     11045242 CISSS DE LA GASPESIE,9016,3808,0,12824,Titre du rapport « S07-Nombre de départs par centre hospitalier »,Entre 2018/04/01 et 2019/03/31, 2019-09-05
148,,TOTAL 11 Gaspésie-Îles-de-la-Madeleine,10330,4517,0,14847,Titre du rapport « S07-Nombre de départs par centre hospitalier »,Entre 2018/04/01 et 2019/03/31, 2019-09-05
149,51219673,CENTRE PAUL-GILBERT - CHSLD DE CHARNY,0,3551,0,3551,Titre du rapport « S07-Nombre de départs par centre hospitalier »,Entre 2018/04/01 et 2019/03/31, 2019-09-05
150,51227569,HOTEL-DIEU DE LEVIS,15824,5023,0,20847,Titre du rapport « S07-Nombre de départs par centre hospitalier »,Entre 2018/04/01 et 2019/03/31, 2019-09-05
151,51228948,HOPITAL DE THETFORD MINES,4805,2577,0,7382,Titre du rapport « S07-Nombre de départs par centre hospitalier »,Entre 2018/04/01 et 2019/03/31, 2019-09-05
152,51228963,HOPITAL DE MONTMAGNY,4191,2706,0,6897,Titre du rapport « S07-Nombre de départs par centre hospitalier »,Entre 2018/04/01 et 2019/03/31, 2019-09-05
153,51228971,HOPITAL DE SAINT-GEORGES,8594,3441,0,12035,Titre du rapport « S07-Nombre de départs par centre hospitalier »,Entre 2018/04/01 et 2019/03/31, 2019-09-05
154,,Total     11045333 CISSS DE CHAUDIERE-APPALACHES,33414,17298,0,50712,Titre du rapport « S07-Nombre de départs par centre hospitalier »,Entre 2018/04/01 et 2019/03/31, 2019-09-05
155,,TOTAL 12 Chaudière-Appalaches,33414,17298,0,50712,Titre du rapport « S07-Nombre de départs par centre hospitalier »,Entre 2018/04/01 et 2019/03/31, 2019-09-05
156,11097029,HOPITAL JUIF DE READAPTATION,954,0,0,954,Titre du rapport « S07-Nombre de départs par centre hospitalier »,Entre 2018/04/01 et 2019/03/31, 2019-09-05
157,51228757,HOPITAL DE LA CITE-DE-LA-SANTE,29618,10175,0,39793,Titre du rapport « S07-Nombre de départs par centre hospitalier »,Entre 2018/04/01 et 2019/03/31, 2019-09-05
158,,Total     11045267 CISSS DE LAVAL,30572,10175,0,40747,Titre du rapport « S07-Nombre de départs par centre hospitalier »,Entre 2018/04/01 et 2019/03/31, 2019-09-05
159,,TOTAL 13 Laval,30572,10175,0,40747,Titre du rapport « S07-Nombre de départs par centre hospitalier »,Entre 2018/04/01 et 2019/03/31, 2019-09-05
160,51228062,HOPITAL PIERRE-LE GARDEUR,22251,7745,0,29996,Titre du rapport « S07-Nombre de départs par centre hospitalier »,Entre 2018/04/01 et 2019/03/31, 2019-09-05
161,51228856,CENTRE HOSPITALIER REGIONAL DE LANAUDIERE,18009,8414,0,26423,Titre du rapport « S07-Nombre de départs par centre hospitalier »,Entre 2018/04/01 et 2019/03/31, 2019-09-05
162,,Total     11045275 CISSS DE LANAUDIERE,40260,16159,0,56419,Titre du rapport « S07-Nombre de départs par centre hospitalier »,Entre 2018/04/01 et 2019/03/31, 2019-09-05
163,,TOTAL 14 Lanaudière,40260,16159,0,56419,Titre du rapport « S07-Nombre de départs par centre hospitalier »,Entre 2018/04/01 et 2019/03/31, 2019-09-05
164,51217610,HOPITAL DE MONT-LAURIER,2745,689,0,3434,Titre du rapport « S07-Nombre de départs par centre hospitalier »,Entre 2018/04/01 et 2019/03/31, 2019-09-05
165,51217628,CENTRE DE SERVICES DE RIVIERE-ROUGE,995,0,0,995,Titre du rapport « S07-Nombre de départs par centre hospitalier »,Entre 2018/04/01 et 2019/03/31, 2019-09-05
166,51226777,HOPITAL LAURENTIEN,6313,3203,0,9516,Titre du rapport « S07-Nombre de départs par centre hospitalier »,Entre 2018/04/01 et 2019/03/31, 2019-09-05
167,51228864,HOPITAL DE SAINT-EUSTACHE,14906,5078,0,19984,Titre du rapport « S07-Nombre de départs par centre hospitalier »,Entre 2018/04/01 et 2019/03/31, 2019-09-05
168,51228880,HOPITAL REGIONAL DE SAINT-JEROME,20723,9240,0,29963,Titre du rapport « S07-Nombre de départs par centre hospitalier »,Entre 2018/04/01 et 2019/03/31, 2019-09-05
169,51235687,CENTRE MULTI. SSS D'ARGENTEUIL,1106,1564,0,2670,Titre du rapport « S07-Nombre de départs par centre hospitalier »,Entre 2018/04/01 et 2019/03/31, 2019-09-05
170,,Total     11045283 CISSS DES LAURENTIDES,46788,19774,0,66562,Titre du rapport « S07-Nombre de départs par centre hospitalier »,Entre 2018/04/01 et 2019/03/31, 2019-09-05
171,,TOTAL 15 Laurentides,46788,19774,0,66562,Titre du rapport « S07-Nombre de départs par centre hospitalier »,Entre 2018/04/01 et 2019/03/31, 2019-09-05
172,51229045,HOPITAL DU HAUT-RICHELIEU,18409,8608,0,27017,Titre du rapport « S07-Nombre de départs par centre hospitalier »,Entre 2018/04/01 et 2019/03/31, 2019-09-05
173,51233799,HOPITAL CHARLES LEMOYNE,24754,9754,0,34508,Titre du rapport « S07-Nombre de départs par centre hospitalier »,Entre 2018/04/01 et 2019/03/31, 2019-09-05
174,,Total     11045291 CISSS DE LA MONTEREGIE-CENTRE,43163,18362,0,61525,Titre du rapport « S07-Nombre de départs par centre hospitalier »,Entre 2018/04/01 et 2019/03/31, 2019-09-05
175,51229011,HOPITAL PIERRE-BOUCHER,21769,10152,0,31921,Titre du rapport « S07-Nombre de départs par centre hospitalier »,Entre 2018/04/01 et 2019/03/31, 2019-09-05
176,51229102,HOTEL-DIEU DE SOREL,6368,3024,0,9392,Titre du rapport « S07-Nombre de départs par centre hospitalier »,Entre 2018/04/01 et 2019/03/31, 2019-09-05
177,51229193,HOPITAL HONORE-MERCIER,11621,5491,0,17112,Titre du rapport « S07-Nombre de départs par centre hospitalier »,Entre 2018/04/01 et 2019/03/31, 2019-09-05
178,54583356,CENTRE D'HEBERGEMENT DE L'HOTEL-DIEU-DE-ST-HYACINTHE,665,0,0,665,Titre du rapport « S07-Nombre de départs par centre hospitalier »,Entre 2018/04/01 et 2019/03/31, 2019-09-05
179,,Total     11045309 CISSS DE LA MONTEREGIE-EST,40423,18667,0,59090,Titre du rapport « S07-Nombre de départs par centre hospitalier »,Entre 2018/04/01 et 2019/03/31, 2019-09-05
180,51228005,HOPITAL BARRIE MEMORIAL,1117,574,0,1691,Titre du rapport « S07-Nombre de départs par centre hospitalier »,Entre 2018/04/01 et 2019/03/31, 2019-09-05
181,51229136,HOPITAL DU SUROIT,9250,4021,0,13271,Titre du rapport « S07-Nombre de départs par centre hospitalier »,Entre 2018/04/01 et 2019/03/31, 2019-09-05
182,51229151,HOPITAL ANNA-LABERGE,11230,6449,0,17679,Titre du rapport « S07-Nombre de départs par centre hospitalier »,Entre 2018/04/01 et 2019/03/31, 2019-09-05
183,,Total     11045317 CISSS DE LA MONTEREGIE-OUEST,21597,11044,0,32641,Titre du rapport « S07-Nombre de départs par centre hospitalier »,Entre 2018/04/01 et 2019/03/31, 2019-09-05
184,54780366,CENTRE HOSP. KATERI MEMORIAL-TEHSAKOTITSEN : THA,30,0,0,30,Titre du rapport « S07-Nombre de départs par centre hospitalier »,Entre 2018/04/01 et 2019/03/31, 2019-09-05
185,,Total     16802704 CONSEIL DES MOHAWKS DE KAHNAWAKE,30,0,0,30,Titre du rapport « S07-Nombre de départs par centre hospitalier »,Entre 2018/04/01 et 2019/03/31, 2019-09-05
186,,TOTAL 16 Montérégie,105213,48073,0,153286,Titre du rapport « S07-Nombre de départs par centre hospitalier »,Entre 2018/04/01 et 2019/03/31, 2019-09-05
187,12730628,CENTRE DE SANTE TULATTAVIK DE L'UNGAVA,1219,63,0,1282,Titre du rapport « S07-Nombre de départs par centre hospitalier »,Entre 2018/04/01 et 2019/03/31, 2019-09-05
188,,Total     12730628 CENTRE DE SANTE TULATTAVIK DE L'UNGAVA,1219,63,0,1282,Titre du rapport « S07-Nombre de départs par centre hospitalier »,Entre 2018/04/01 et 2019/03/31, 2019-09-05
189,51235141,CENTRE DE SANTE INUULITSIVIK,1320,177,0,1497,Titre du rapport « S07-Nombre de départs par centre hospitalier »,Entre 2018/04/01 et 2019/03/31, 2019-09-05
190,,Total     51235141 CENTRE DE SANTE INUULITSIVIK,1320,177,0,1497,Titre du rapport « S07-Nombre de départs par centre hospitalier »,Entre 2018/04/01 et 2019/03/31, 2019-09-05
191,,TOTAL 17 Nunavik,2539,240,0,2779,Titre du rapport « S07-Nombre de départs par centre hospitalier »,Entre 2018/04/01 et 2019/03/31, 2019-09-05
192,51235430,HOPITAL DE CHISASIBI,609,0,0,609,Titre du rapport « S07-Nombre de départs par centre hospitalier »,Entre 2018/04/01 et 2019/03/31, 2019-09-05
193,,Total     16258899 CONSEIL CRI DE LA SANTE SERVICE SOCIAUX DE LA BAIE ,609,0,0,609,Titre du rapport « S07-Nombre de départs par centre hospitalier »,Entre 2018/04/01 et 2019/03/31, 2019-09-05
194,,TOTAL 18 Terres-Cries-de-la-Baie-James,609,0,0,609,Titre du rapport « S07-Nombre de départs par centre hospitalier »,Entre 2018/04/01 et 2019/03/31, 2019-09-05
195,,Grand Total,833258,373684,102,1207044,Titre du rapport « S07-Nombre de départs par centre hospitalier »,Entre 2018/04/01 et 2019/03/31, 2019-09-05
